0	142
0	216
0	225
0	301
0	372
0	399
0	424
0	435
0	451
1	3
1	216
1	243
1	378
1	494
2	128
2	148
2	406
3	9
3	40
3	122
3	149
3	173
3	254
3	427
4	17
4	88
4	98
4	185
4	343
4	441
4	473
5	35
5	266
5	376
5	400
5	459
5	492
6	27
6	76
6	141
6	153
6	320
6	374
6	467
7	69
7	477
8	56
8	66
8	78
8	237
8	478
8	491
9	69
9	104
9	131
9	166
9	361
10	84
10	159
10	303
10	338
10	363
10	484
11	74
11	119
11	334
12	168
12	177
12	296
12	309
12	369
13	197
13	240
13	463
13	475
14	33
14	164
14	257
14	357
14	369
14	442
15	81
15	152
15	200
15	401
16	100
16	168
16	238
16	311
16	445
17	1
17	56
17	221
17	375
17	484
18	58
18	208
18	269
18	287
18	342
18	422
18	478
19	168
19	256
19	396
20	41
20	150
20	152
20	197
20	214
20	257
20	372
20	411
20	499
21	36
21	85
21	214
21	357
21	453
22	121
22	196
22	354
22	371
22	392
22	487
23	0
23	7
23	39
23	41
23	164
23	200
23	234
23	238
23	381
23	386
23	389
23	412
24	418
25	157
25	216
25	403
26	60
26	123
26	165
26	262
26	333
27	139
27	163
27	405
27	477
28	11
28	121
28	187
28	189
28	263
28	411
29	47
29	100
29	129
29	231
29	309
30	7
30	286
30	366
30	398
30	478
30	485
30	503
31	86
31	280
31	422
31	448
32	180
32	322
32	437
32	467
33	78
33	358
33	370
33	435
33	441
34	8
34	26
34	59
34	150
34	163
34	392
34	498
35	169
35	204
35	286
35	331
35	350
35	355
35	476
35	835
36	10
36	59
36	131
36	300
36	453
37	67
37	188
37	261
37	272
37	442
38	241
38	360
38	367
38	406
38	429
39	10
39	107
39	164
39	499
40	74
40	94
40	137
40	183
40	259
40	304
40	367
41	88
41	114
41	352
42	17
42	137
42	238
42	290
42	479
43	4
43	74
43	115
43	299
43	304
43	347
43	375
43	438
44	10
44	46
44	298
44	366
45	8
45	60
45	104
45	201
45	224
45	315
45	360
45	467
45	484
46	18
46	24
46	172
46	304
46	372
46	396
46	443
47	450
48	23
48	347
49	105
49	121
49	191
49	286
50	65
50	128
50	236
50	304
50	313
50	478
51	40
51	88
51	132
51	283
51	293
51	341
51	398
51	443
51	480
51	485
53	39
53	56
53	93
53	142
53	378
53	414
53	452
53	480
54	14
54	193
54	479
54	489
55	66
55	290
55	313
55	383
55	402
56	73
56	168
56	200
56	410
56	412
57	168
57	197
57	298
57	424
58	18
58	133
58	181
58	292
58	360
58	415
58	454
58	465
59	100
59	294
59	344
60	179
60	219
60	291
60	362
60	476
61	179
61	234
61	436
61	493
62	0
62	126
62	192
62	356
62	487
63	59
63	268
63	322
63	466
63	474
64	20
64	193
64	200
64	203
64	208
65	39
65	247
65	346
65	359
65	366
65	470
65	474
66	38
66	166
66	235
66	482
67	7
67	36
67	171
67	322
69	123
69	277
70	27
70	31
70	161
70	188
70	228
70	391
70	460
71	13
71	47
71	206
71	311
71	329
71	447
72	91
72	136
72	307
72	318
72	324
72	381
72	422
73	20
73	147
73	197
73	248
73	318
74	122
74	262
74	268
74	397
74	435
74	495
75	227
75	371
75	485
75	491
75	494
76	110
76	180
76	325
77	0
77	65
77	103
77	151
77	196
77	364
77	370
78	39
78	178
78	199
79	262
79	265
79	358
79	452
79	458
80	113
80	338
80	364
80	459
81	57
81	158
81	352
82	24
82	55
82	58
82	381
82	399
82	478
82	485
83	214
83	406
83	483
83	486
84	88
84	350
84	485
84	490
85	120
85	283
85	377
86	52
86	154
86	210
86	324
86	365
86	390
87	452
88	35
88	37
88	54
88	205
88	276
88	328
89	33
89	56
89	68
89	211
89	253
89	279
89	359
90	56
90	165
90	175
90	188
90	267
90	438
90	447
91	119
91	159
91	196
91	223
91	361
92	231
92	244
92	247
92	329
92	388
92	408
92	421
93	170
93	204
93	255
93	275
93	334
93	338
94	28
94	33
94	274
94	396
94	424
94	430
95	35
95	40
95	65
95	199
95	317
95	445
95	480
96	244
96	257
96	468
97	371
97	389
97	399
97	404
97	476
98	46
98	139
98	214
98	466
99	23
99	189
99	247
100	39
100	41
100	121
100	149
100	173
100	193
101	74
101	92
101	155
101	184
101	303
101	366
101	429
101	454
101	461
101	491
102	39
102	142
102	278
102	283
102	292
102	418
102	489
103	7
103	46
103	139
103	180
103	209
103	305
103	452
104	28
104	218
104	418
105	6
105	91
105	103
105	107
105	407
105	445
105	499
106	128
106	172
106	236
106	426
106	462
107	73
107	143
107	175
107	215
107	380
107	399
108	187
108	214
108	218
108	338
108	342
108	368
108	377
109	178
109	290
109	303
110	20
110	45
110	116
110	152
110	225
111	51
111	280
111	331
111	342
111	463
112	231
113	29
113	88
113	135
113	182
113	457
114	171
114	446
114	447
114	486
115	17
115	44
115	214
115	467
116	289
116	292
116	362
117	30
117	137
117	212
117	339
117	347
117	414
117	448
118	347
119	3
119	77
119	124
119	177
119	237
119	239
120	11
120	160
120	251
120	267
120	413
120	419
121	29
121	31
121	77
121	218
121	400
121	429
122	204
123	126
123	160
123	215
123	432
124	214
124	279
125	54
125	104
125	451
126	226
126	228
126	255
126	383
126	459
127	206
127	282
128	98
128	144
128	257
128	415
128	429
129	76
129	144
129	181
129	466
130	116
130	118
130	127
130	209
130	244
130	322
130	398
130	476
131	144
131	266
131	325
131	335
131	393
131	467
132	74
132	122
132	249
132	306
132	335
133	66
133	75
133	150
133	229
133	346
133	496
134	113
134	185
134	329
135	475
136	151
136	183
136	250
136	377
136	426
136	433
137	333
138	119
138	235
138	366
139	244
139	278
139	351
139	388
140	100
140	335
140	426
140	429
140	489
141	27
141	155
141	199
141	237
142	146
142	220
142	337
142	391
142	444
142	492
143	43
144	33
144	123
144	130
144	164
144	225
144	235
144	237
144	284
144	340
144	374
144	426
144	432
144	434
144	461
145	2
145	16
145	54
145	237
145	492
146	9
146	186
146	236
146	396
147	29
147	95
147	206
147	236
147	244
147	349
147	444
147	470
147	482
148	36
148	256
148	362
149	189
149	346
150	38
150	114
150	219
150	386
151	147
151	224
151	239
151	305
151	365
151	379
151	474
152	20
152	72
152	78
152	161
152	208
152	228
152	286
152	299
152	370
152	404
152	413
153	45
153	136
153	354
154	2
154	3
154	265
154	272
154	280
154	407
155	212
155	295
155	327
155	386
155	408
155	437
155	477
155	490
156	13
156	24
156	252
156	308
156	310
156	428
156	495
157	34
157	136
157	164
157	451
158	89
158	125
158	447
159	7
159	50
159	161
159	232
159	390
159	436
160	63
160	64
160	102
160	178
161	21
161	44
161	45
161	56
161	83
161	281
161	302
161	336
162	2
162	134
162	197
163	79
163	85
163	263
163	282
163	309
163	311
164	89
164	112
164	130
164	167
164	226
164	227
164	245
165	38
165	113
165	190
165	248
165	272
165	331
165	455
166	415
167	46
167	100
167	216
167	362
167	413
167	498
168	16
168	40
168	231
168	248
168	298
168	320
168	322
168	340
168	363
168	398
168	493
169	38
169	85
169	91
169	219
169	321
169	390
169	461
169	792
170	42
170	129
170	234
170	325
170	434
171	0
171	13
171	83
171	436
172	4
172	99
172	116
172	153
172	175
172	176
172	253
173	97
173	151
173	153
173	156
173	247
173	451
174	105
174	133
174	239
174	281
174	325
175	75
175	206
175	249
175	263
176	116
176	118
176	211
176	250
176	369
177	439
177	492
178	13
178	183
178	267
178	359
179	227
179	399
180	48
180	117
180	330
180	331
180	413
180	414
181	20
181	118
181	337
182	30
182	448
182	457
183	259
183	314
183	448
183	473
184	44
184	127
184	183
184	284
184	938
185	71
185	151
185	186
185	298
185	470
186	245
186	384
187	286
187	317
187	348
187	354
188	125
188	207
188	212
188	224
188	254
189	151
189	294
189	363
190	146
190	211
190	311
190	372
190	373
190	415
191	2
191	32
191	85
191	123
191	268
191	270
192	35
192	217
192	317
192	346
192	391
193	67
193	119
193	263
193	286
193	363
193	426
193	441
193	442
193	484
194	51
194	105
194	212
195	3
195	40
195	94
195	220
195	297
195	411
196	93
196	277
196	387
196	432
197	212
197	250
197	444
198	83
198	258
198	311
198	494
199	6
199	22
199	263
199	493
200	337
200	348
200	480
201	4
202	21
202	91
202	144
202	167
202	184
202	195
202	303
202	409
202	462
203	36
203	53
203	89
203	129
203	261
203	266
203	348
204	54
204	354
204	472
205	159
205	175
205	256
205	322
206	207
206	259
206	363
206	366
206	407
207	63
207	75
207	95
207	175
207	200
207	294
208	159
208	310
208	474
209	56
209	260
209	325
209	347
209	360
210	385
210	412
211	152
211	311
211	329
212	91
212	221
212	331
212	431
213	66
213	111
213	132
213	284
213	309
214	62
214	151
214	181
214	356
214	366
214	450
214	458
214	565
215	190
215	267
216	44
216	190
216	280
216	374
216	388
216	395
216	439
217	54
217	111
217	206
217	427
218	61
218	154
218	174
218	238
218	256
218	341
218	404
218	493
219	119
219	156
219	256
220	2
220	112
220	197
220	270
220	295
220	351
220	433
221	450
222	23
222	139
222	217
222	298
222	319
223	10
223	163
223	488
224	177
224	221
224	360
224	393
224	427
225	36
225	50
225	53
225	97
225	165
226	193
226	229
226	317
226	406
227	168
227	207
227	278
227	297
227	401
228	15
228	125
228	179
228	208
228	251
228	309
228	436
229	214
229	313
230	117
230	140
230	297
230	306
230	323
231	24
231	121
231	147
231	256
231	290
231	366
231	407
231	469
231	471
232	20
232	37
232	147
232	185
232	187
232	265
232	272
232	283
232	468
233	50
233	212
233	251
233	272
233	414
233	421
233	441
233	453
233	468
233	499
234	142
234	168
234	186
234	249
234	352
234	379
235	117
235	189
235	260
235	347
235	360
236	105
236	135
236	342
236	464
237	31
237	149
237	161
237	192
237	204
237	268
237	276
237	366
237	409
238	78
238	93
238	351
238	369
239	67
239	70
239	318
239	482
240	26
240	119
240	227
240	265
240	300
240	425
241	37
241	91
241	106
241	151
241	207
241	305
241	338
241	419
242	27
242	28
242	133
242	185
243	333
243	486
244	44
244	252
244	454
245	41
245	130
245	189
245	221
245	227
245	375
245	412
245	432
246	13
246	214
246	226
246	235
246	312
246	493
247	162
247	250
247	326
248	82
248	141
248	143
248	158
248	253
249	2
249	47
249	382
249	393
249	402
249	460
250	8
250	80
250	155
250	182
250	208
250	215
250	257
250	372
250	415
250	433
250	494
251	40
251	151
251	156
251	293
251	322
251	454
251	463
251	472
252	12
252	174
253	17
253	34
253	133
253	193
253	225
253	231
253	296
253	336
253	439
254	257
254	343
254	482
255	35
255	74
255	127
255	168
255	183
255	307
256	316
256	373
256	493
257	163
257	272
257	364
258	200
258	289
258	361
258	373
258	382
258	454
259	285
259	980
260	69
260	193
260	215
260	350
260	496
261	31
261	38
261	45
261	198
261	297
261	298
261	372
261	389
262	417
263	128
263	372
263	392
264	23
264	97
264	162
264	236
264	290
264	364
264	381
264	382
264	424
265	59
265	67
265	135
265	259
265	351
265	401
266	275
266	489
266	491
267	4
267	131
267	260
267	285
267	310
267	320
267	353
267	360
267	482
267	491
267	498
268	78
268	263
268	264
268	329
268	338
268	423
268	466
269	415
269	473
270	68
270	93
270	207
270	211
270	341
270	440
271	86
271	95
271	147
271	158
271	357
272	396
273	35
273	37
273	44
273	77
273	105
273	130
273	171
273	251
273	361
273	462
274	6
274	28
274	77
274	100
274	184
274	275
274	277
274	297
274	317
274	332
274	415
274	451
274	476
274	488
275	207
275	402
276	98
276	270
276	318
276	358
276	466
277	165
277	238
277	478
278	57
278	105
278	111
278	307
278	401
278	450
279	24
279	147
279	337
279	341
280	32
280	103
280	161
280	266
280	392
280	436
281	26
281	223
281	259
282	64
282	299
282	337
282	438
284	22
284	200
284	282
284	340
284	455
284	456
285	44
285	163
285	217
286	29
286	62
286	65
286	213
286	452
286	473
287	81
287	126
287	158
287	182
287	184
287	325
287	375
287	405
287	422
288	62
288	89
288	247
288	376
289	24
289	185
289	315
289	345
289	357
289	378
289	445
289	470
290	20
290	207
290	261
291	62
291	113
291	227
291	235
291	261
291	271
291	273
291	329
291	457
292	45
292	139
292	170
292	352
292	431
294	29
294	163
294	323
295	12
295	224
295	266
295	402
296	22
296	187
296	191
296	242
296	334
296	461
297	232
297	249
297	390
297	400
298	28
298	144
298	252
298	394
298	421
298	438
299	244
299	273
300	144
300	169
300	304
300	391
300	416
300	447
300	460
300	484
301	160
302	171
302	174
302	281
302	411
303	47
303	70
303	496
304	165
304	357
305	83
305	275
305	278
305	395
305	399
305	409
306	8
306	10
306	49
306	80
306	165
306	260
307	31
307	141
307	276
307	339
308	15
308	39
308	207
309	127
309	202
309	252
309	307
309	312
309	328
309	397
309	483
310	51
310	170
310	479
311	33
311	290
311	410
311	421
311	432
311	444
312	110
312	151
312	221
312	324
312	458
313	46
313	131
313	267
313	294
313	428
313	441
314	223
314	284
314	298
314	470
315	248
315	493
316	104
316	181
316	269
316	389
316	398
316	417
316	450
317	13
317	274
317	356
317	416
318	61
318	171
318	191
318	344
319	147
319	273
319	297
319	335
319	353
319	431
320	44
320	121
320	251
320	255
320	357
321	355
322	20
322	310
322	408
322	434
322	438
323	152
323	162
323	168
323	177
323	285
324	84
324	114
324	212
324	448
325	342
325	465
326	186
326	217
326	429
327	181
327	237
327	309
328	265
328	278
328	373
328	447
329	2
329	225
329	246
329	297
329	345
329	475
330	58
330	110
330	115
330	175
330	390
330	455
330	462
331	82
331	168
331	200
331	447
332	64
332	209
332	350
333	105
333	150
333	211
333	451
334	3
334	89
334	114
334	124
334	259
334	676
335	68
335	248
335	274
335	315
335	378
336	24
336	30
336	290
336	350
337	31
337	113
337	323
337	345
337	414
337	473
337	495
338	216
338	221
338	244
338	292
338	332
338	341
338	382
338	492
339	194
339	331
340	119
340	155
340	257
340	288
340	420
340	424
341	384
342	13
342	32
342	82
342	167
342	392
343	277
343	291
343	397
343	492
343	494
344	86
344	136
344	171
344	295
344	298
344	364
344	375
345	72
345	90
345	168
345	209
345	350
346	96
346	329
346	382
346	448
347	49
347	197
347	243
347	459
348	70
348	253
348	278
349	25
349	118
349	196
349	273
349	285
349	322
349	392
349	412
350	127
350	427
350	434
350	436
350	487
351	3
351	38
351	86
351	123
352	62
352	122
352	372
352	490
353	46
353	290
353	357
354	108
354	257
354	358
354	417
355	24
355	123
355	268
355	324
355	459
355	466
356	46
356	114
356	320
356	339
356	457
357	158
357	255
357	379
357	466
357	471
357	492
358	277
359	54
359	125
359	140
359	329
359	330
359	413
359	436
360	12
360	67
360	83
360	188
360	458
360	494
361	254
361	359
361	452
362	78
362	174
362	185
362	335
362	393
362	394
363	53
363	129
363	249
363	291
364	289
364	290
364	386
364	472
365	30
365	45
365	314
365	409
366	294
366	415
367	35
367	69
367	115
367	129
367	183
367	235
367	344
368	62
368	172
368	202
368	353
368	496
369	272
369	299
369	498
370	308
370	350
370	479
371	78
371	183
371	288
371	341
372	114
372	186
372	227
372	353
373	22
373	62
373	69
373	84
373	98
373	253
373	324
374	45
374	215
374	403
375	67
375	131
375	319
376	74
376	219
377	26
377	57
377	132
377	163
377	480
378	25
378	57
378	84
378	180
378	202
378	205
378	336
378	379
378	429
378	435
378	463
379	78
379	298
380	30
380	48
380	395
380	424
381	284
381	422
382	19
382	227
382	284
382	469
383	58
383	268
383	315
383	350
384	8
384	23
384	62
384	156
384	195
384	245
384	254
384	366
385	51
385	237
386	29
386	421
386	472
387	269
387	332
387	341
387	475
387	495
388	89
388	164
388	299
388	381
388	414
388	482
389	64
389	79
389	278
389	355
390	119
390	334
390	443
390	484
391	56
391	94
391	222
391	288
391	340
391	358
392	2
392	52
392	226
392	416
393	123
393	159
393	450
394	34
394	128
394	372
395	67
395	68
395	129
395	277
395	283
395	331
395	386
395	435
395	450
396	50
396	154
396	208
396	223
396	317
396	345
396	440
396	482
396	490
397	47
397	78
397	200
397	224
397	337
397	364
397	366
397	420
398	410
399	9
399	16
399	262
399	444
400	91
400	102
400	125
400	138
400	139
400	184
400	354
401	131
401	192
401	222
401	226
401	291
401	353
402	111
402	307
402	329
402	458
403	34
403	470
404	352
404	387
404	391
404	475
404	482
405	20
405	62
405	106
405	117
405	193
405	377
405	497
406	225
406	393
406	413
406	492
407	27
407	405
407	414
407	415
407	483
407	485
408	74
408	391
408	456
408	492
408	497
409	179
409	271
410	91
410	112
410	290
410	380
411	58
411	78
411	180
411	203
411	208
411	236
411	293
411	304
411	325
411	345
411	351
411	489
412	62
412	76
412	202
412	216
412	369
412	421
412	423
413	273
413	395
413	433
414	4
414	90
414	138
414	237
414	239
414	428
414	431
414	454
414	493
415	31
415	51
415	222
415	283
416	10
416	84
416	101
416	109
416	168
416	236
416	285
416	318
416	340
416	373
417	43
417	66
417	89
417	128
417	272
417	338
417	420
418	208
418	222
418	466
419	74
419	120
419	171
419	213
419	365
420	64
420	94
420	109
420	276
420	446
420	454
421	73
421	291
421	444
421	466
421	472
422	333
422	381
422	469
423	62
423	151
423	435
423	468
424	3
424	15
424	35
424	106
424	123
424	175
424	309
424	346
425	250
425	377
426	21
426	80
426	98
426	117
427	99
428	99
428	119
428	121
428	199
428	275
428	448
428	487
429	266
429	339
430	13
430	38
430	99
430	135
430	342
431	9
431	25
431	42
431	108
431	291
431	313
431	319
432	173
432	186
432	258
432	347
432	384
432	385
432	407
432	495
433	18
433	60
433	128
433	423
433	478
433	488
434	43
434	56
434	160
434	189
434	323
434	444
434	460
435	46
435	109
435	134
436	76
436	98
437	72
437	279
437	400
438	89
438	124
438	157
438	411
440	273
440	313
441	6
441	465
442	4
442	89
442	109
442	191
442	232
442	272
442	326
442	366
442	491
443	24
443	81
443	154
443	375
443	455
444	73
444	81
444	121
444	139
444	373
444	435
445	172
445	225
445	239
445	346
445	413
446	17
446	39
446	148
446	242
446	661
447	11
447	185
447	449
448	145
448	296
448	364
448	396
448	475
449	133
449	240
449	259
450	24
450	76
450	105
450	163
450	214
450	323
450	459
451	475
452	100
452	207
452	230
452	234
452	268
452	312
453	66
453	179
453	197
453	201
453	330
453	416
453	456
453	471
454	201
454	281
454	297
454	413
454	468
454	477
455	51
455	319
455	475
456	31
456	51
456	75
456	145
456	311
456	357
456	438
456	488
457	217
457	312
457	399
457	489
458	24
458	205
458	218
458	311
459	49
459	192
459	194
459	415
460	67
460	186
460	480
461	85
461	249
461	250
461	275
461	304
461	330
461	391
461	402
461	491
462	35
462	122
462	163
462	210
462	296
463	7
463	47
463	253
464	251
464	368
464	371
464	389
464	407
464	445
465	40
465	56
465	439
465	485
466	5
466	19
466	155
466	221
466	382
466	488
467	57
467	169
467	250
467	446
468	225
468	247
468	346
468	362
468	480
468	485
469	52
469	276
469	357
469	472
469	496
470	12
470	73
470	87
470	113
470	188
470	276
470	326
470	363
470	391
470	459
471	30
471	92
471	111
471	407
471	441
471	881
472	60
472	240
472	265
472	299
473	9
473	176
473	268
473	276
473	332
473	415
473	420
473	428
474	84
474	143
474	354
475	135
475	342
475	391
475	427
476	19
476	51
476	105
476	192
476	197
476	259
476	268
476	310
476	321
476	401
476	424
477	6
477	24
477	92
478	3
478	39
478	116
478	185
478	278
478	447
479	68
479	378
479	472
480	25
480	99
480	100
480	130
480	131
480	178
480	214
480	396
480	486
481	43
481	107
481	253
481	277
481	303
481	431
481	467
482	19
482	26
482	75
482	104
482	169
482	178
482	189
482	203
482	248
482	249
482	373
482	476
482	477
483	283
483	373
483	473
484	20
484	97
484	153
484	161
484	362
484	383
484	428
484	465
484	468
485	26
485	162
485	248
485	263
485	288
485	346
485	374
485	480
486	45
486	257
486	260
486	273
486	329
487	180
487	313
488	162
488	168
488	225
488	277
488	293
488	310
489	0
489	34
489	277
489	320
489	321
489	340
489	400
490	302
490	344
491	22
491	288
491	369
491	418
491	426
492	27
492	183
492	334
492	346
492	403
492	426
493	50
493	73
493	79
493	90
493	414
494	142
494	235
494	341
494	463
495	36
495	105
495	151
495	175
495	201
495	265
495	321
495	360
495	467
496	314
496	329
496	413
497	58
497	60
497	134
497	208
498	145
498	371
499	62
499	379
500	550
500	685
500	772
500	783
500	788
500	859
500	868
500	874
500	992
501	738
501	746
501	900
502	508
502	516
502	628
502	736
502	744
503	592
504	652
504	706
504	743
504	848
505	530
505	570
505	711
505	780
505	794
505	903
506	816
506	890
506	933
506	958
507	648
507	727
507	764
507	782
507	882
508	565
508	804
508	996
509	694
509	762
509	778
509	815
510	583
510	660
510	680
510	845
510	873
511	534
511	627
511	639
511	695
511	711
511	835
511	913
512	717
512	728
512	767
513	906
514	576
514	752
515	521
515	644
515	697
515	706
515	778
515	785
515	805
515	970
515	982
516	519
516	589
516	693
516	909
517	501
517	624
517	625
517	858
518	526
518	559
518	797
518	967
518	983
519	505
519	736
519	755
519	814
519	977
520	503
520	624
520	673
520	757
520	775
520	887
521	505
521	731
521	763
521	769
521	792
521	818
521	959
522	519
522	520
522	572
522	810
522	816
522	875
523	638
523	653
523	811
523	893
523	922
524	503
524	566
524	822
525	501
525	670
525	746
525	916
525	917
526	546
526	657
526	817
526	912
526	980
527	590
527	687
527	702
527	836
527	875
527	885
528	520
528	536
528	574
528	581
528	764
528	844
528	939
529	734
529	881
529	893
529	932
529	966
530	515
530	556
530	592
530	735
530	853
532	599
532	633
532	654
532	700
532	792
532	841
532	852
532	998
533	556
533	619
533	675
534	794
534	883
534	891
534	904
534	924
535	529
535	572
535	602
535	632
535	859
535	922
536	548
536	753
536	763
536	931
537	556
537	676
537	708
538	802
538	804
538	937
538	986
539	749
539	778
539	785
539	828
539	841
539	973
540	528
540	767
540	861
541	904
542	506
542	605
542	711
542	818
542	839
543	627
543	661
543	699
543	757
543	765
543	906
544	524
544	755
544	811
545	6
545	598
545	626
545	629
545	636
545	955
545	991
546	607
546	652
546	710
546	796
546	867
547	531
547	637
547	697
547	876
547	962
548	712
548	746
548	944
549	598
549	730
549	820
549	854
550	667
550	741
550	772
550	777
550	889
551	553
551	754
551	992
552	641
552	747
552	794
552	815
552	824
552	889
552	943
553	618
553	648
553	687
553	741
553	881
553	889
553	997
554	512
554	571
554	648
554	743
554	858
554	976
555	522
555	596
555	682
555	850
555	865
555	870
555	965
556	729
556	841
557	526
557	585
557	673
557	770
557	920
557	944
558	583
558	790
558	808
558	830
558	831
558	961
559	560
559	658
559	865
560	738
560	768
560	881
560	996
561	802
561	997
562	590
562	729
562	730
562	744
562	815
562	916
562	940
562	957
563	567
563	685
563	716
563	754
564	586
564	636
564	794
564	928
564	953
565	628
565	756
565	850
565	867
565	924
565	942
566	564
566	619
566	838
566	878
566	965
567	510
567	723
567	865
567	874
568	542
568	737
568	773
568	927
568	946
569	507
569	519
569	576
569	584
569	677
569	847
569	903
569	939
569	983
570	509
570	616
570	771
570	783
570	836
570	846
570	934
570	985
571	539
571	630
571	647
571	666
571	756
571	847
571	944
572	528
572	535
572	539
572	567
572	793
572	831
572	851
572	889
572	919
573	523
573	922
573	984
574	630
574	654
574	662
574	735
574	760
574	916
574	951
574	968
575	565
575	668
575	914
575	991
576	545
576	567
576	661
576	716
576	816
577	508
577	737
577	761
577	876
577	965
578	541
578	562
578	857
579	639
579	790
579	845
579	876
579	908
580	635
580	758
580	852
580	961
581	517
581	527
581	564
581	629
581	640
581	764
581	778
581	799
581	908
581	909
581	917
581	938
581	980
582	595
582	633
582	678
582	730
582	815
582	824
582	976
583	552
583	689
583	871
583	929
583	971
584	534
584	551
584	644
584	663
585	617
585	645
585	746
585	765
585	999
586	523
586	954
587	589
587	716
587	748
588	520
588	857
588	975
589	540
589	677
589	856
589	878
589	911
589	978
590	648
590	661
590	767
590	873
590	909
590	928
591	560
591	600
591	755
591	789
591	828
591	938
591	987
592	546
592	772
592	800
592	809
592	852
593	565
593	619
593	737
593	788
593	847
593	894
593	918
593	961
594	537
594	538
594	561
594	656
594	702
594	931
594	981
595	519
595	573
595	634
595	886
595	989
596	705
596	720
596	723
596	873
596	880
596	894
596	919
597	519
597	769
597	831
597	934
598	730
598	795
598	849
598	977
599	581
599	598
599	729
599	788
600	885
600	930
601	654
601	723
602	648
602	728
602	753
602	831
602	983
603	754
603	859
603	893
604	553
604	564
604	605
604	783
605	552
605	598
605	654
605	859
605	954
606	625
606	786
606	866
607	868
607	872
607	881
607	972
608	677
608	753
608	859
608	885
608	941
609	574
609	594
609	621
609	702
609	751
609	759
609	789
609	909
610	540
610	593
610	827
610	877
611	509
611	556
611	579
611	707
611	775
611	781
611	849
612	574
612	592
612	729
612	764
612	922
613	757
613	846
613	889
614	585
614	590
614	597
614	663
614	671
615	571
615	585
615	622
615	685
615	822
615	959
616	518
616	529
616	569
616	767
616	862
616	972
617	532
617	669
617	705
617	721
617	846
617	859
617	889
617	912
618	658
618	759
618	783
618	799
618	867
618	925
619	642
619	697
619	752
619	822
619	864
619	912
620	666
620	697
620	833
620	886
620	901
620	945
620	992
621	610
621	800
622	858
622	864
622	935
623	567
623	688
623	715
623	722
623	759
623	794
624	736
624	777
624	897
624	999
625	705
625	731
625	755
625	878
625	899
625	954
626	537
626	616
626	705
626	790
626	794
626	928
626	981
627	684
627	831
627	839
627	845
627	928
627	967
627	985
628	599
628	601
628	610
628	649
628	864
628	868
628	965
629	501
629	538
629	574
629	724
629	855
629	878
630	573
630	594
630	715
630	735
630	863
631	660
631	858
631	922
631	996
632	648
632	842
632	971
632	978
633	514
633	566
633	580
633	599
633	699
633	814
634	594
634	774
635	573
635	576
635	675
635	707
635	993
637	549
637	550
637	583
637	718
637	829
637	868
637	886
637	910
638	602
638	610
638	821
638	903
639	561
639	803
639	831
639	898
639	982
640	694
640	870
641	644
641	782
641	803
642	542
642	809
642	826
642	981
643	588
643	687
643	829
643	893
643	961
643	982
644	38
644	607
644	626
644	632
644	653
644	658
644	748
644	962
645	508
645	551
645	730
645	733
645	748
645	942
645	947
646	540
646	579
646	722
646	753
646	923
647	537
647	715
647	852
648	524
648	550
648	613
648	667
648	725
648	838
648	945
649	651
649	726
649	763
649	811
649	849
649	966
650	528
650	554
650	577
650	615
650	671
650	855
651	737
651	746
651	878
651	988
652	531
652	556
652	612
652	721
652	768
652	780
652	835
652	870
652	965
652	979
653	509
653	575
653	591
653	639
653	679
653	848
653	897
653	912
653	943
654	513
654	769
654	936
654	971
655	597
655	602
655	603
655	775
655	853
655	868
656	504
656	533
656	625
656	668
657	541
657	613
657	662
657	773
657	813
657	920
657	928
657	957
658	675
658	779
658	832
658	994
659	658
659	740
659	849
660	507
660	519
660	666
661	658
661	680
661	761
661	889
662	522
662	549
662	632
662	683
662	869
663	502
663	508
663	651
663	862
664	582
664	830
665	535
665	553
665	754
665	789
665	815
665	828
665	862
666	554
666	579
666	682
666	728
666	876
667	505
667	606
667	611
667	644
667	668
667	802
667	827
667	920
667	939
668	566
668	591
668	647
668	834
668	936
669	582
669	690
669	704
669	706
669	756
669	765
669	792
669	818
669	979
670	558
670	563
670	583
670	712
670	765
670	833
670	986
671	567
671	579
671	607
671	638
671	698
671	708
671	763
671	822
671	898
671	913
671	975
671	997
672	674
672	733
672	934
673	751
673	896
674	533
674	651
674	840
674	936
674	938
674	953
674	984
675	511
675	571
675	701
675	882
675	970
676	584
676	844
676	856
677	528
677	686
677	700
677	735
677	780
678	662
678	846
678	854
678	892
679	627
679	634
679	695
679	814
679	935
680	532
680	683
680	822
680	890
680	926
680	978
681	651
681	708
681	780
681	792
681	855
681	864
681	971
682	616
682	779
682	875
682	915
683	588
683	633
683	727
683	851
683	896
683	959
684	603
684	742
684	759
684	840
684	880
685	510
685	559
685	579
685	633
685	722
685	784
685	833
686	505
686	562
686	711
686	822
686	884
686	898
686	923
686	967
687	567
687	627
687	681
687	698
687	766
687	767
687	949
688	604
688	663
688	693
688	734
688	746
688	807
688	826
688	840
688	844
688	954
689	496
689	503
689	607
689	614
689	996
690	501
690	576
690	664
690	675
690	705
690	811
690	822
691	552
691	708
691	717
691	735
691	861
691	885
692	590
692	693
692	694
693	703
693	739
693	905
694	525
694	645
694	827
694	854
695	574
695	603
695	607
695	763
695	840
696	503
696	740
696	749
696	811
696	874
696	896
696	901
697	535
697	668
698	532
698	632
698	988
699	540
699	571
699	825
699	861
700	712
700	918
701	536
701	590
701	594
701	787
702	542
702	649
702	663
702	666
702	714
702	840
702	909
702	997
703	528
703	719
703	937
703	964
703	994
703	996
704	597
704	623
704	649
704	695
704	797
704	810
705	582
705	896
705	908
706	501
706	525
706	622
706	815
706	823
706	947
707	746
707	809
707	813
708	545
708	585
708	663
708	679
708	756
708	929
709	582
709	608
709	632
709	642
709	699
710	534
710	581
710	611
710	620
710	669
710	970
711	573
711	707
711	780
711	840
711	913
711	914
712	682
712	765
712	787
713	524
713	625
713	649
713	732
713	957
714	518
714	657
714	821
714	849
715	501
715	630
715	668
715	740
715	837
715	881
715	887
715	900
715	928
715	937
716	825
717	501
717	504
717	635
717	743
717	883
718	563
718	586
718	914
719	507
719	588
719	618
720	989
721	526
721	634
721	844
721	869
721	954
721	995
722	544
722	678
722	756
722	835
722	959
722	989
723	682
723	894
723	962
724	659
724	799
725	526
725	693
725	747
725	791
725	972
726	503
726	539
726	736
727	541
727	649
727	668
727	729
727	732
727	771
727	841
727	907
728	635
728	636
728	755
728	758
728	966
728	992
729	506
729	779
729	928
730	555
730	711
730	904
730	919
731	634
731	675
731	692
731	790
731	820
731	909
731	971
731	979
732	768
732	835
732	916
732	985
733	527
733	768
733	845
733	909
733	970
733	974
734	539
734	715
735	526
735	579
735	642
735	701
735	743
735	828
736	627
736	777
736	829
737	648
737	713
737	738
737	775
737	927
738	592
738	937
738	964
738	976
739	605
739	692
740	910
740	933
740	939
740	964
741	644
741	682
741	941
741	969
742	627
742	698
742	741
742	969
743	634
743	639
743	791
743	884
743	979
744	574
744	626
744	692
744	917
744	958
745	790
745	893
746	520
746	530
746	670
746	699
746	780
746	879
747	603
747	853
747	984
748	550
748	566
748	680
748	686
748	754
748	874
748	908
749	686
749	752
749	805
749	907
750	557
750	573
750	582
750	623
751	620
751	746
751	778
752	572
752	635
752	642
752	790
752	889
752	900
752	908
752	926
752	962
753	553
753	775
753	830
753	845
753	868
753	984
753	998
754	566
754	712
754	858
754	970
755	715
755	729
755	736
755	942
756	529
756	630
756	761
756	807
756	904
757	546
757	660
757	751
757	876
757	941
757	945
757	981
758	535
758	549
758	743
758	849
758	901
758	912
759	532
759	685
759	717
759	821
760	885
761	535
761	621
761	648
761	695
761	832
762	562
762	629
762	642
762	884
762	893
762	934
762	951
762	970
763	517
763	525
763	539
763	558
763	791
763	924
764	759
764	896
764	958
765	544
765	569
765	779
765	831
765	974
766	541
766	653
766	726
766	852
766	856
766	871
766	926
766	959
767	604
767	641
767	786
767	837
767	898
767	952
767	969
767	998
768	502
768	617
768	645
768	780
769	715
769	872
770	674
770	809
770	827
771	724
771	960
772	604
772	626
772	687
772	756
772	766
772	780
772	837
772	884
773	530
773	671
773	811
773	826
773	909
774	520
774	563
774	823
774	829
774	910
774	952
775	732
776	537
776	548
776	591
776	760
776	912
777	512
777	533
777	666
777	679
777	687
777	801
777	805
777	893
778	501
778	538
778	762
778	781
778	833
778	867
779	528
779	714
779	770
779	934
779	996
780	921
781	649
781	873
781	914
781	972
782	510
782	513
782	568
782	581
782	647
782	654
782	655
782	803
783	502
783	557
783	747
783	894
783	910
783	947
783	987
783	992
784	609
784	610
784	685
784	847
784	849
784	898
784	912
784	961
785	778
785	807
785	937
786	509
786	636
786	664
786	743
786	828
786	850
787	671
787	798
787	852
787	858
787	982
788	660
788	666
788	816
789	510
789	618
789	676
789	744
789	754
789	776
789	843
789	930
789	978
790	504
790	535
790	595
790	637
790	853
790	950
790	954
791	505
791	532
791	833
791	971
791	978
792	529
792	574
792	701
792	710
792	744
792	785
792	798
793	137
793	542
793	673
793	840
793	956
794	711
794	965
795	587
795	753
795	785
795	880
796	912
796	992
796	999
797	104
797	614
797	740
797	744
797	889
798	650
798	783
798	952
799	582
799	664
799	750
799	805
799	895
800	678
800	691
800	760
800	813
800	817
800	845
801	708
801	804
801	826
801	873
801	956
801	960
801	980
802	684
802	779
802	865
802	916
803	502
803	638
803	774
803	880
803	908
803	923
804	539
804	585
804	600
804	618
804	788
804	807
805	536
805	591
805	612
805	752
805	858
805	896
805	979
805	987
806	701
806	866
807	782
807	841
807	884
808	607
808	639
808	642
808	704
809	549
809	690
809	942
810	519
810	589
810	644
810	681
810	763
811	505
811	641
811	753
811	865
811	888
811	923
811	963
811	992
812	556
812	692
812	952
813	544
813	570
813	629
814	505
814	646
814	691
814	841
814	891
814	928
815	511
815	534
815	664
815	785
815	828
816	578
816	605
816	638
816	954
817	569
817	600
817	639
817	758
817	818
817	900
818	559
818	604
818	643
818	664
818	702
818	835
818	850
818	934
818	942
818	953
819	534
819	579
819	631
819	723
820	522
820	604
820	740
820	841
820	882
820	938
820	952
821	533
821	720
821	834
821	887
821	952
822	690
822	701
822	761
822	817
822	864
822	868
822	915
822	958
823	500
823	617
823	881
823	889
824	560
824	563
824	654
824	764
824	869
825	623
825	647
825	687
825	781
825	818
825	844
825	857
825	935
825	964
826	546
826	810
826	887
826	957
827	602
827	624
827	782
827	800
827	851
827	862
827	870
827	876
828	583
828	714
828	818
829	288
829	648
829	705
829	765
829	897
829	935
830	501
830	638
830	725
830	844
830	854
830	973
831	822
831	955
832	659
832	706
832	748
832	890
832	958
833	583
833	640
833	753
833	812
834	575
834	615
834	887
834	932
835	528
835	539
835	586
835	608
835	903
835	986
835	998
835	999
836	647
836	839
836	890
836	904
836	942
837	637
837	718
837	828
838	508
838	554
838	627
838	726
838	923
838	942
838	958
838	970
839	615
839	711
839	766
839	932
839	951
839	969
840	546
840	622
840	775
840	990
841	627
841	694
841	917
842	523
842	561
842	606
842	686
843	566
843	791
843	817
843	957
843	981
844	502
844	553
844	621
844	632
844	663
844	723
844	742
844	928
845	528
845	540
845	584
845	688
845	760
845	779
845	799
845	863
845	888
845	907
846	562
846	612
846	628
847	711
847	861
847	938
847	985
848	507
848	656
848	796
848	909
848	922
848	997
849	516
849	556
849	732
849	937
849	975
850	553
850	594
850	801
851	697
851	730
851	731
851	734
851	756
851	996
852	549
853	572
853	694
853	735
853	918
853	946
854	257
854	621
854	743
854	812
854	864
855	541
855	660
855	691
855	710
855	918
856	548
856	598
856	666
856	694
856	712
856	827
857	529
857	591
857	856
857	883
857	976
858	517
858	550
858	712
858	727
858	766
859	580
859	593
859	609
859	637
859	656
859	847
859	956
859	983
860	859
860	863
860	867
860	914
860	948
861	856
861	903
861	924
861	938
862	525
862	821
862	853
863	699
863	933
863	999
864	747
864	780
865	634
865	660
865	720
865	748
865	780
865	852
865	901
865	937
866	611
866	684
866	991
867	500
867	527
867	615
867	693
867	726
867	746
867	835
867	864
867	891
868	503
868	780
868	800
868	802
868	830
868	932
868	957
869	501
869	538
869	687
869	764
869	776
869	780
869	861
869	924
870	500
870	524
870	611
870	613
870	660
870	733
870	769
870	823
870	934
871	622
871	757
871	813
871	870
871	987
872	961
873	563
873	700
873	978
874	527
874	687
874	693
874	698
874	733
874	893
874	947
875	577
875	619
875	650
875	851
875	856
875	921
875	923
875	982
875	992
876	502
876	561
876	646
876	647
876	651
876	682
876	717
876	786
876	801
876	859
876	870
877	720
877	762
878	769
878	917
878	946
878	959
879	722
880	810
880	990
881	595
881	693
881	750
881	861
882	500
882	568
882	695
882	762
882	938
882	949
883	776
884	505
884	663
885	527
885	540
885	561
885	575
885	686
885	798
885	894
885	912
885	964
885	985
886	729
886	882
886	904
886	926
886	997
887	603
887	851
887	904
887	913
888	543
888	573
888	862
889	534
889	555
889	582
889	725
889	896
890	510
890	560
890	612
890	623
890	654
890	712
890	851
890	881
890	957
891	683
891	723
891	828
891	858
891	962
891	987
892	567
892	650
892	988
893	585
893	629
893	834
893	866
893	904
894	506
894	651
894	766
894	775
894	832
894	952
895	764
895	825
895	978
897	510
897	674
897	694
898	649
898	805
898	816
898	877
898	894
899	501
899	555
899	608
899	705
899	727
899	796
899	867
900	544
900	566
900	579
900	659
900	766
900	777
900	791
900	822
900	859
900	911
900	999
901	637
901	720
902	560
902	590
902	613
902	734
902	823
902	833
902	847
902	866
903	641
904	539
904	646
904	713
904	864
905	584
905	667
905	724
905	814
905	887
906	547
906	663
906	736
906	738
906	984
907	523
907	540
907	631
907	677
907	710
907	730
907	809
907	875
907	940
908	718
908	810
908	820
908	914
908	945
909	560
909	653
909	746
909	748
909	791
909	906
909	911
909	914
909	916
909	960
910	538
910	553
910	568
910	651
910	789
910	877
910	951
911	536
911	630
911	631
911	632
911	655
911	910
911	933
912	632
912	659
912	807
912	877
912	919
913	514
913	604
913	714
913	835
913	926
914	546
914	621
914	693
914	991
915	543
915	601
915	660
915	740
915	839
916	501
916	546
916	607
916	614
916	697
916	720
916	893
916	903
916	998
917	586
917	864
918	541
918	687
918	702
918	767
918	836
918	942
918	951
918	986
919	612
919	702
919	730
919	810
920	654
920	769
920	879
920	911
920	934
921	660
921	667
921	697
921	795
921	992
922	709
923	519
923	567
923	745
923	818
923	886
923	970
924	610
924	843
925	717
925	755
925	911
925	979
926	545
926	668
926	848
926	875
926	882
927	808
928	521
928	565
928	574
928	659
928	809
928	817
928	875
928	911
928	945
928	949
928	960
928	992
929	551
929	634
929	803
929	853
930	592
930	897
931	567
931	568
931	601
931	635
931	671
931	733
931	794
931	835
931	862
932	547
932	673
932	796
932	862
932	949
933	526
933	629
933	756
934	542
934	639
934	734
934	920
935	562
935	712
935	806
935	873
936	586
936	643
936	730
937	587
937	639
937	683
937	774
937	783
937	941
938	586
938	658
938	894
938	916
938	991
939	522
939	547
939	556
939	570
939	574
939	644
939	745
939	880
939	955
940	644
940	740
940	836
940	891
940	991
941	689
941	894
942	511
942	512
942	708
942	848
942	849
942	901
942	937
942	963
943	539
943	609
943	628
943	681
943	684
943	743
943	772
943	941
944	608
944	641
944	677
944	802
944	818
944	878
944	890
945	661
945	733
945	975
946	510
946	527
946	657
946	718
946	769
946	841
947	627
947	639
947	691
947	761
947	786
947	864
947	893
947	900
948	505
948	525
948	636
948	674
948	707
948	798
949	574
949	578
949	899
950	573
950	808
950	941
951	546
951	558
951	561
952	510
952	774
952	792
953	554
953	781
953	827
953	852
953	928
954	536
954	633
954	685
954	703
954	824
954	924
954	934
955	535
955	617
955	682
955	706
955	930
956	553
956	592
956	684
956	718
956	822
956	845
956	957
957	502
957	655
957	699
957	716
957	921
958	633
958	686
958	695
958	701
958	889
959	536
959	540
959	615
959	664
959	975
960	555
960	698
961	552
961	603
961	739
961	791
961	875
961	971
961	976
962	511
962	562
962	612
962	627
962	668
962	726
962	804
962	828
962	922
963	532
963	828
963	884
963	895
963	974
964	519
964	581
964	603
964	639
964	691
964	789
964	922
966	523
966	547
966	584
966	624
966	722
966	901
966	930
966	933
966	942
967	621
967	629
967	781
967	820
967	824
967	872
967	961
968	500
968	693
968	704
968	709
968	749
969	507
969	557
969	897
970	758
970	898
970	920
970	958
970	993
971	608
971	623
971	756
971	851
972	513
972	647
972	701
972	738
972	785
972	919
973	500
973	755
973	932
974	606
974	800
974	881
975	502
975	603
975	799
975	946
976	549
976	572
976	680
976	725
976	901
976	914
976	915
977	529
977	824
977	831
978	567
978	665
978	789
978	812
978	887
978	924
978	988
979	596
979	674
979	801
979	863
979	898
979	967
980	660
980	879
980	972
980	990
981	519
981	561
981	816
982	659
982	669
982	704
982	719
982	732
982	739
982	802
982	929
983	706
983	742
983	771
983	780
983	818
983	835
983	914
983	970
984	567
984	772
984	937
985	613
985	676
985	718
985	866
986	512
986	584
986	746
986	751
986	922
987	944
988	906
988	984
988	991
989	522
989	597
989	887
989	995
990	683
990	686
990	687
990	984
991	692
991	804
991	872
991	875
991	930
992	621
992	639
992	744
992	777
993	503
993	524
993	588
993	807
993	852
993	881
993	937
993	997
994	545
994	789
994	945
995	515
995	578
995	687
995	846
996	550
996	692
997	581
997	616
997	674
997	904
997	922
998	534
998	611
998	862
998	922
999	539
999	583
999	657
999	761
999	971
