0	142	0.92
0	216	0.85
0	225	0.78
0	301	0.72
0	372	0.72
0	399	0.72
0	424	0.81
0	435	0.92
0	451	0.87
1	3	0.78
1	216	0.99
1	243	0.97
1	378	0.86
1	494	0.84
2	128	0.76
2	148	0.97
2	406	0.94
3	9	0.98
3	40	0.79
3	122	0.80
3	149	0.82
3	173	0.74
3	254	0.85
3	427	0.71
4	17	0.91
4	88	0.78
4	98	0.81
4	185	0.80
4	343	0.99
4	441	0.99
4	473	0.89
5	35	0.92
5	266	0.78
5	376	0.86
5	400	0.74
5	459	0.72
5	492	0.77
6	27	0.94
6	76	0.93
6	141	0.78
6	153	0.77
6	320	0.95
6	374	0.89
6	467	0.81
7	69	0.82
7	477	0.78
8	56	0.74
8	66	0.90
8	78	0.84
8	237	0.83
8	478	0.72
8	491	0.99
9	69	0.71
9	104	0.96
9	131	0.89
9	166	0.88
9	361	0.70
10	84	0.73
10	159	0.92
10	303	0.99
10	338	0.84
10	363	0.77
10	484	0.75
11	74	0.70
11	119	0.70
11	334	0.95
12	168	0.75
12	177	0.91
12	296	0.99
12	309	0.73
12	369	0.91
13	197	0.84
13	240	0.80
13	463	0.75
13	475	0.94
14	33	1.00
14	164	0.70
14	257	0.91
14	357	0.86
14	369	0.88
14	442	0.90
15	81	0.85
15	152	1.00
15	200	0.95
15	401	0.99
16	100	0.80
16	168	0.95
16	238	0.79
16	311	0.88
16	445	0.98
17	1	0.79
17	56	0.73
17	221	0.93
17	375	0.90
17	484	0.93
18	58	0.80
18	208	0.71
18	269	0.88
18	287	0.95
18	342	0.99
18	422	0.88
18	478	0.88
19	168	0.73
19	256	0.77
19	396	0.73
20	41	0.71
20	150	0.98
20	152	0.72
20	197	0.77
20	214	0.80
20	257	0.74
20	372	0.89
20	411	0.81
20	499	0.94
21	36	0.97
21	85	0.75
21	214	0.92
21	357	0.90
21	453	0.95
22	121	0.83
22	196	0.76
22	354	0.91
22	371	0.83
22	392	0.78
22	487	0.80
23	0	0.90
23	7	0.83
23	39	0.96
23	41	0.85
23	164	0.84
23	200	0.73
23	234	0.96
23	238	0.77
23	381	0.76
23	386	1.00
23	389	0.75
23	412	0.80
24	418	0.93
25	157	0.91
25	216	0.98
25	403	0.86
26	60	0.97
26	123	0.93
26	165	0.75
26	262	0.81
26	333	0.98
27	139	0.71
27	163	0.80
27	405	0.88
27	477	0.93
28	11	0.94
28	121	0.86
28	187	0.76
28	189	0.91
28	263	0.95
28	411	1.00
29	47	0.85
29	100	0.80
29	129	0.95
29	231	0.82
29	309	0.93
30	7	0.80
30	286	0.92
30	366	0.93
30	398	0.71
30	478	0.94
30	485	0.86
30	503	0.99
31	86	0.98
31	280	0.98
31	422	0.80
31	448	0.85
32	180	0.94
32	322	0.97
32	437	0.99
32	467	0.86
33	78	0.84
33	358	0.93
33	370	0.80
33	435	0.86
33	441	0.90
34	8	0.84
34	26	0.82
34	59	0.84
34	150	0.74
34	163	0.79
34	392	0.88
34	498	0.88
35	169	0.77
35	204	0.88
35	286	0.90
35	331	0.77
35	350	0.82
35	355	0.87
35	476	0.81
35	835	0.92
36	10	0.75
36	59	0.81
36	131	0.71
36	300	0.85
36	453	1.00
37	67	0.73
37	188	0.95
37	261	0.88
37	272	0.73
37	442	0.97
38	241	0.92
38	360	0.89
38	367	0.92
38	406	0.83
38	429	0.87
39	10	0.96
39	107	0.79
39	164	0.80
39	499	0.89
40	74	0.93
40	94	0.97
40	137	0.90
40	183	0.77
40	259	0.93
40	304	0.94
40	367	0.81
41	88	0.75
41	114	0.77
41	352	0.79
42	17	0.75
42	137	0.95
42	238	0.71
42	290	0.92
42	479	0.91
43	4	0.85
43	74	0.80
43	115	0.83
43	299	0.73
43	304	0.84
43	347	0.91
43	375	0.78
43	438	0.81
44	10	0.75
44	46	0.84
44	298	0.81
44	366	0.81
45	8	0.89
45	60	0.87
45	104	0.77
45	201	0.89
45	224	0.92
45	315	0.73
45	360	0.73
45	467	0.83
45	484	0.71
46	18	0.84
46	24	0.81
46	172	0.95
46	304	0.83
46	372	0.77
46	396	0.78
46	443	1.00
47	450	0.81
48	23	0.81
48	347	0.76
49	105	0.86
49	121	0.89
49	191	0.72
49	286	0.85
50	65	0.75
50	128	0.78
50	236	0.82
50	304	0.89
50	313	0.98
50	478	0.78
51	40	0.73
51	88	0.88
51	132	0.82
51	283	0.80
51	293	0.97
51	341	0.71
51	398	0.72
51	443	0.82
51	480	0.92
51	485	0.78
53	39	0.74
53	56	0.99
53	93	0.93
53	142	0.73
53	378	0.89
53	414	0.96
53	452	0.92
53	480	0.99
54	14	0.83
54	193	0.83
54	479	0.92
54	489	0.72
55	66	0.85
55	290	0.87
55	313	1.00
55	383	0.86
55	402	0.92
56	73	0.84
56	168	0.91
56	200	0.93
56	410	0.79
56	412	0.96
57	168	0.87
57	197	0.87
57	298	0.73
57	424	0.93
58	18	0.94
58	133	0.70
58	181	0.75
58	292	0.95
58	360	0.76
58	415	0.70
58	454	0.77
58	465	0.89
59	100	0.88
59	294	0.96
59	344	0.92
60	179	0.80
60	219	0.76
60	291	0.74
60	362	0.89
60	476	0.82
61	179	0.94
61	234	0.85
61	436	0.92
61	493	0.96
62	0	0.94
62	126	0.77
62	192	0.99
62	356	0.81
62	487	0.74
63	59	0.83
63	268	0.77
63	322	0.73
63	466	0.94
63	474	0.94
64	20	0.76
64	193	0.98
64	200	0.90
64	203	0.92
64	208	0.73
65	39	0.91
65	247	0.99
65	346	0.95
65	359	0.76
65	366	0.87
65	470	0.90
65	474	0.71
66	38	0.77
66	166	0.81
66	235	0.81
66	482	0.75
67	7	0.80
67	36	0.78
67	171	0.74
67	322	1.00
69	123	0.71
69	277	0.79
70	27	0.75
70	31	0.89
70	161	0.76
70	188	0.84
70	228	0.90
70	391	0.82
70	460	0.92
71	13	0.86
71	47	0.76
71	206	0.95
71	311	0.91
71	329	0.87
71	447	0.99
72	91	0.82
72	136	1.00
72	307	0.95
72	318	0.94
72	324	0.99
72	381	0.89
72	422	0.79
73	20	0.85
73	147	0.87
73	197	0.88
73	248	0.78
73	318	0.99
74	122	0.74
74	262	0.88
74	268	0.74
74	397	0.96
74	435	0.71
74	495	0.83
75	227	0.73
75	371	0.77
75	485	0.70
75	491	0.92
75	494	0.79
76	110	0.77
76	180	0.73
76	325	0.70
77	0	0.89
77	65	0.77
77	103	0.72
77	151	0.76
77	196	0.90
77	364	0.75
77	370	0.95
78	39	0.83
78	178	0.85
78	199	1.00
79	262	0.91
79	265	0.86
79	358	0.83
79	452	0.85
79	458	0.73
80	113	0.97
80	338	0.75
80	364	0.72
80	459	0.96
81	57	0.97
81	158	0.97
81	352	0.90
82	24	0.92
82	55	0.78
82	58	0.75
82	381	0.94
82	399	0.99
82	478	0.75
82	485	0.83
83	214	0.98
83	406	0.91
83	483	0.76
83	486	1.00
84	88	0.80
84	350	0.73
84	485	0.84
84	490	0.90
85	120	0.90
85	283	0.78
85	377	0.94
86	52	0.94
86	154	0.70
86	210	0.88
86	324	0.82
86	365	0.81
86	390	0.88
87	452	0.96
88	35	0.81
88	37	0.94
88	54	0.83
88	205	0.83
88	276	0.81
88	328	0.79
89	33	0.85
89	56	0.89
89	68	0.95
89	211	0.83
89	253	0.86
89	279	0.92
89	359	0.89
90	56	0.80
90	165	0.95
90	175	0.96
90	188	0.99
90	267	0.94
90	438	0.89
90	447	0.80
91	119	0.82
91	159	0.73
91	196	0.88
91	223	0.99
91	361	0.94
92	231	0.89
92	244	0.76
92	247	0.73
92	329	0.85
92	388	0.79
92	408	0.95
92	421	0.93
93	170	0.81
93	204	0.97
93	255	0.84
93	275	0.84
93	334	0.88
93	338	0.84
94	28	0.93
94	33	1.00
94	274	0.75
94	396	0.82
94	424	0.91
94	430	0.74
95	35	0.73
95	40	0.97
95	65	0.90
95	199	0.84
95	317	0.94
95	445	0.77
95	480	0.87
96	244	0.94
96	257	0.96
96	468	0.90
97	371	0.76
97	389	0.73
97	399	0.87
97	404	0.80
97	476	0.97
98	46	0.75
98	139	0.82
98	214	0.87
98	466	0.93
99	23	0.70
99	189	0.99
99	247	0.79
100	39	0.73
100	41	1.00
100	121	1.00
100	149	0.91
100	173	0.75
100	193	0.78
101	74	0.79
101	92	0.89
101	155	0.73
101	184	0.81
101	303	0.95
101	366	0.94
101	429	0.73
101	454	0.77
101	461	0.99
101	491	0.73
102	39	0.89
102	142	0.87
102	278	0.94
102	283	0.87
102	292	0.99
102	418	0.96
102	489	0.71
103	7	0.85
103	46	0.90
103	139	0.98
103	180	0.88
103	209	0.90
103	305	0.77
103	452	0.94
104	28	0.88
104	218	1.00
104	418	0.74
105	6	0.91
105	91	0.90
105	103	0.93
105	107	0.86
105	407	0.72
105	445	0.86
105	499	0.71
106	128	0.97
106	172	0.75
106	236	0.77
106	426	0.94
106	462	0.96
107	73	0.80
107	143	0.75
107	175	0.72
107	215	0.84
107	380	0.81
107	399	0.81
108	187	0.81
108	214	0.93
108	218	0.85
108	338	0.83
108	342	0.96
108	368	0.73
108	377	0.75
109	178	0.75
109	290	0.73
109	303	0.88
110	20	0.76
110	45	0.71
110	116	0.85
110	152	0.87
110	225	0.83
111	51	0.87
111	280	0.78
111	331	0.74
111	342	0.75
111	463	0.78
112	231	0.99
113	29	0.94
113	88	0.99
113	135	0.85
113	182	0.89
113	457	0.85
114	171	0.92
114	446	0.91
114	447	0.73
114	486	0.88
115	17	0.76
115	44	0.93
115	214	0.77
115	467	0.79
116	289	0.78
116	292	0.82
116	362	0.90
117	30	0.81
117	137	0.72
117	212	0.91
117	339	0.97
117	347	0.97
117	414	0.90
117	448	0.89
118	347	0.90
119	3	0.75
119	77	0.99
119	124	0.95
119	177	0.77
119	237	0.70
119	239	0.87
120	11	0.78
120	160	0.96
120	251	0.78
120	267	0.98
120	413	0.84
120	419	0.93
121	29	0.94
121	31	0.88
121	77	0.71
121	218	0.93
121	400	0.80
121	429	0.89
122	204	0.84
123	126	0.91
123	160	0.96
123	215	0.87
123	432	0.82
124	214	0.79
124	279	0.96
125	54	0.76
125	104	0.83
125	451	0.80
126	226	0.85
126	228	0.97
126	255	0.76
126	383	0.82
126	459	0.93
127	206	0.89
127	282	0.80
128	98	0.99
128	144	0.99
128	257	0.86
128	415	0.78
128	429	0.85
129	76	0.93
129	144	0.89
129	181	0.82
129	466	1.00
130	116	0.81
130	118	0.82
130	127	0.76
130	209	0.80
130	244	0.75
130	322	0.83
130	398	1.00
130	476	0.91
131	144	0.71
131	266	0.70
131	325	0.72
131	335	0.94
131	393	0.94
131	467	0.98
132	74	0.82
132	122	0.94
132	249	0.89
132	306	0.82
132	335	0.91
133	66	0.77
133	75	0.84
133	150	1.00
133	229	0.84
133	346	0.72
133	496	0.81
134	113	0.95
134	185	0.79
134	329	0.97
135	475	0.93
136	151	0.83
136	183	0.83
136	250	0.97
136	377	0.75
136	426	0.92
136	433	0.98
137	333	0.98
138	119	0.99
138	235	0.76
138	366	0.76
139	244	0.96
139	278	0.77
139	351	0.98
139	388	0.96
140	100	0.83
140	335	0.76
140	426	0.91
140	429	0.82
140	489	0.73
141	27	0.75
141	155	0.88
141	199	0.91
141	237	0.85
142	146	0.85
142	220	0.75
142	337	0.77
142	391	0.97
142	444	0.89
142	492	0.89
143	43	0.84
144	33	0.88
144	123	0.79
144	130	0.82
144	164	0.73
144	225	0.70
144	235	0.85
144	237	0.99
144	284	0.92
144	340	0.99
144	374	0.80
144	426	0.84
144	432	0.85
144	434	0.92
144	461	0.87
145	2	0.71
145	16	0.91
145	54	0.85
145	237	0.78
145	492	0.70
146	9	0.88
146	186	0.72
146	236	0.77
146	396	0.79
147	29	0.73
147	95	0.85
147	206	0.95
147	236	0.97
147	244	0.96
147	349	0.87
147	444	0.93
147	470	0.78
147	482	1.00
148	36	0.93
148	256	0.88
148	362	0.97
149	189	0.89
149	346	0.89
150	38	0.86
150	114	0.72
150	219	0.97
150	386	0.95
151	147	0.71
151	224	0.87
151	239	0.94
151	305	0.76
151	365	0.92
151	379	0.73
151	474	0.97
152	20	0.89
152	72	0.73
152	78	0.97
152	161	0.81
152	208	0.83
152	228	0.80
152	286	0.71
152	299	0.75
152	370	0.82
152	404	0.88
152	413	0.82
153	45	0.87
153	136	0.73
153	354	0.97
154	2	0.83
154	3	0.80
154	265	0.73
154	272	0.73
154	280	0.73
154	407	0.97
155	212	0.99
155	295	0.83
155	327	0.71
155	386	0.78
155	408	0.93
155	437	0.81
155	477	1.00
155	490	0.84
156	13	0.91
156	24	0.89
156	252	0.79
156	308	0.72
156	310	0.82
156	428	0.86
156	495	0.96
157	34	0.95
157	136	0.82
157	164	0.71
157	451	0.75
158	89	0.86
158	125	0.99
158	447	0.82
159	7	0.74
159	50	0.97
159	161	0.84
159	232	0.82
159	390	0.73
159	436	0.72
160	63	0.75
160	64	0.91
160	102	0.89
160	178	0.84
161	21	0.88
161	44	0.93
161	45	0.86
161	56	0.74
161	83	0.83
161	281	0.80
161	302	0.88
161	336	0.86
162	2	0.80
162	134	0.89
162	197	0.79
163	79	0.80
163	85	0.91
163	263	0.76
163	282	0.76
163	309	0.72
163	311	0.91
164	89	0.93
164	112	0.85
164	130	0.71
164	167	0.70
164	226	0.98
164	227	0.99
164	245	0.91
165	38	0.71
165	113	0.77
165	190	0.90
165	248	0.97
165	272	0.98
165	331	0.86
165	455	0.72
166	415	0.70
167	46	0.97
167	100	0.71
167	216	0.90
167	362	0.81
167	413	0.87
167	498	0.84
168	16	0.95
168	40	0.83
168	231	0.81
168	248	0.85
168	298	0.80
168	320	0.94
168	322	0.83
168	340	0.90
168	363	0.76
168	398	0.91
168	493	0.86
169	38	0.92
169	85	0.93
169	91	0.97
169	219	0.89
169	321	0.92
169	390	1.00
169	461	0.85
169	792	0.83
170	42	0.97
170	129	0.92
170	234	0.84
170	325	0.78
170	434	1.00
171	0	0.77
171	13	0.87
171	83	0.83
171	436	0.82
172	4	0.88
172	99	0.86
172	116	0.89
172	153	0.89
172	175	0.86
172	176	0.74
172	253	0.90
173	97	0.91
173	151	0.74
173	153	0.89
173	156	0.84
173	247	0.84
173	451	0.90
174	105	0.84
174	133	0.79
174	239	0.95
174	281	0.89
174	325	0.91
175	75	0.78
175	206	0.89
175	249	0.76
175	263	0.85
176	116	0.72
176	118	0.85
176	211	0.73
176	250	0.72
176	369	0.77
177	439	0.74
177	492	0.79
178	13	0.80
178	183	0.70
178	267	0.74
178	359	0.75
179	227	0.98
179	399	0.85
180	48	0.76
180	117	0.93
180	330	1.00
180	331	0.73
180	413	0.98
180	414	0.95
181	20	0.87
181	118	0.91
181	337	0.95
182	30	0.76
182	448	0.87
182	457	0.80
183	259	0.76
183	314	0.96
183	448	0.71
183	473	0.97
184	44	0.74
184	127	0.77
184	183	0.88
184	284	0.75
184	938	0.92
185	71	0.98
185	151	0.90
185	186	0.73
185	298	0.80
185	470	0.75
186	245	0.79
186	384	0.71
187	286	0.92
187	317	0.81
187	348	0.83
187	354	0.90
188	125	0.83
188	207	0.70
188	212	0.72
188	224	0.81
188	254	0.88
189	151	0.97
189	294	0.97
189	363	0.80
190	146	0.73
190	211	0.84
190	311	0.83
190	372	1.00
190	373	0.90
190	415	0.90
191	2	0.80
191	32	0.91
191	85	0.89
191	123	0.96
191	268	0.71
191	270	0.85
192	35	0.96
192	217	0.95
192	317	0.77
192	346	0.87
192	391	0.83
193	67	0.82
193	119	0.85
193	263	0.94
193	286	0.97
193	363	0.92
193	426	0.70
193	441	0.75
193	442	0.79
193	484	0.81
194	51	0.74
194	105	0.91
194	212	0.73
195	3	0.72
195	40	0.97
195	94	0.94
195	220	0.78
195	297	0.72
195	411	0.91
196	93	0.89
196	277	0.93
196	387	0.71
196	432	0.80
197	212	0.78
197	250	0.92
197	444	0.84
198	83	0.77
198	258	0.79
198	311	0.76
198	494	0.77
199	6	0.83
199	22	0.89
199	263	0.94
199	493	0.76
200	337	0.77
200	348	0.91
200	480	0.74
201	4	0.94
202	21	0.88
202	91	0.73
202	144	0.84
202	167	0.78
202	184	0.80
202	195	0.76
202	303	1.00
202	409	0.99
202	462	0.81
203	36	0.71
203	53	0.95
203	89	0.94
203	129	0.99
203	261	0.95
203	266	0.70
203	348	0.90
204	54	0.80
204	354	0.95
204	472	0.97
205	159	0.79
205	175	0.96
205	256	0.78
205	322	0.99
206	207	0.77
206	259	0.89
206	363	0.93
206	366	0.90
206	407	0.95
207	63	0.84
207	75	0.78
207	95	0.78
207	175	0.92
207	200	0.93
207	294	0.88
208	159	0.98
208	310	0.80
208	474	0.83
209	56	0.86
209	260	0.95
209	325	0.84
209	347	0.87
209	360	0.77
210	385	0.91
210	412	0.99
211	152	0.93
211	311	0.73
211	329	0.99
212	91	0.72
212	221	0.86
212	331	0.94
212	431	0.86
213	66	0.94
213	111	0.88
213	132	0.72
213	284	0.91
213	309	0.71
214	62	0.75
214	151	0.72
214	181	0.81
214	356	0.84
214	366	0.88
214	450	0.82
214	458	0.99
214	565	0.72
215	190	0.79
215	267	0.86
216	44	0.85
216	190	0.80
216	280	0.92
216	374	0.90
216	388	0.78
216	395	0.72
216	439	0.72
217	54	0.95
217	111	0.98
217	206	0.79
217	427	0.84
218	61	0.88
218	154	1.00
218	174	0.71
218	238	0.74
218	256	0.95
218	341	0.84
218	404	0.83
218	493	0.83
219	119	0.96
219	156	0.76
219	256	0.85
220	2	0.87
220	112	0.87
220	197	0.73
220	270	0.83
220	295	0.70
220	351	0.94
220	433	0.93
221	450	0.95
222	23	0.79
222	139	0.89
222	217	0.77
222	298	0.80
222	319	0.99
223	10	0.85
223	163	0.76
223	488	0.82
224	177	0.72
224	221	0.88
224	360	0.73
224	393	0.98
224	427	0.72
225	36	0.92
225	50	0.94
225	53	0.78
225	97	0.85
225	165	0.85
226	193	0.92
226	229	0.74
226	317	0.70
226	406	0.96
227	168	0.84
227	207	0.84
227	278	0.82
227	297	0.73
227	401	0.73
228	15	0.81
228	125	0.75
228	179	0.86
228	208	0.78
228	251	0.88
228	309	0.94
228	436	0.71
229	214	0.82
229	313	0.91
230	117	0.74
230	140	0.96
230	297	0.80
230	306	0.82
230	323	0.99
231	24	0.79
231	121	0.83
231	147	0.92
231	256	0.92
231	290	0.95
231	366	0.78
231	407	0.95
231	469	0.81
231	471	0.95
232	20	0.83
232	37	0.89
232	147	0.87
232	185	0.76
232	187	0.83
232	265	0.99
232	272	0.91
232	283	0.96
232	468	0.86
233	50	0.78
233	212	0.82
233	251	0.84
233	272	0.82
233	414	0.72
233	421	0.92
233	441	0.80
233	453	0.84
233	468	0.92
233	499	0.80
234	142	0.86
234	168	0.98
234	186	0.91
234	249	0.72
234	352	0.87
234	379	0.92
235	117	0.99
235	189	0.75
235	260	0.78
235	347	0.96
235	360	0.86
236	105	0.86
236	135	0.94
236	342	0.78
236	464	0.78
237	31	0.98
237	149	0.89
237	161	0.94
237	192	0.82
237	204	0.89
237	268	0.84
237	276	0.96
237	366	0.86
237	409	0.71
238	78	0.88
238	93	0.94
238	351	0.87
238	369	0.75
239	67	0.96
239	70	0.72
239	318	0.92
239	482	0.90
240	26	0.76
240	119	0.92
240	227	1.00
240	265	0.81
240	300	0.96
240	425	0.71
241	37	0.98
241	91	0.75
241	106	0.83
241	151	1.00
241	207	0.88
241	305	0.78
241	338	0.80
241	419	0.98
242	27	0.79
242	28	0.99
242	133	0.85
242	185	0.90
243	333	0.84
243	486	0.98
244	44	0.91
244	252	0.92
244	454	0.76
245	41	0.81
245	130	0.94
245	189	0.78
245	221	0.80
245	227	0.88
245	375	0.93
245	412	0.94
245	432	0.96
246	13	0.94
246	214	0.92
246	226	0.94
246	235	0.78
246	312	0.71
246	493	0.75
247	162	0.95
247	250	0.79
247	326	0.93
248	82	0.82
248	141	0.78
248	143	0.79
248	158	0.74
248	253	0.80
249	2	0.73
249	47	0.77
249	382	0.81
249	393	0.89
249	402	0.95
249	460	0.90
250	8	0.70
250	80	0.80
250	155	0.77
250	182	0.76
250	208	0.92
250	215	0.79
250	257	0.97
250	372	0.94
250	415	0.93
250	433	0.79
250	494	0.79
251	40	0.90
251	151	0.84
251	156	0.84
251	293	0.77
251	322	1.00
251	454	0.73
251	463	0.75
251	472	0.89
252	12	0.71
252	174	0.73
253	17	0.95
253	34	0.70
253	133	0.96
253	193	0.98
253	225	0.73
253	231	0.99
253	296	0.83
253	336	0.99
253	439	0.94
254	257	0.96
254	343	0.72
254	482	0.98
255	35	0.82
255	74	0.72
255	127	0.87
255	168	0.79
255	183	0.77
255	307	0.90
256	316	0.85
256	373	0.75
256	493	0.70
257	163	0.77
257	272	0.81
257	364	0.91
258	200	0.95
258	289	0.84
258	361	0.80
258	373	0.82
258	382	0.99
258	454	0.73
259	285	0.72
259	980	0.94
260	69	0.95
260	193	0.89
260	215	0.90
260	350	0.99
260	496	0.71
261	31	0.79
261	38	0.89
261	45	0.80
261	198	0.74
261	297	0.84
261	298	0.74
261	372	0.74
261	389	0.83
262	417	0.96
263	128	0.83
263	372	0.85
263	392	0.99
264	23	0.90
264	97	0.88
264	162	0.80
264	236	0.90
264	290	0.92
264	364	0.91
264	381	0.88
264	382	0.99
264	424	0.71
265	59	0.79
265	67	0.95
265	135	0.97
265	259	0.95
265	351	0.70
265	401	0.99
266	275	0.90
266	489	0.82
266	491	0.87
267	4	0.92
267	131	0.77
267	260	0.86
267	285	0.96
267	310	0.82
267	320	0.87
267	353	0.99
267	360	0.98
267	482	0.75
267	491	0.99
267	498	0.75
268	78	0.71
268	263	0.83
268	264	0.90
268	329	0.76
268	338	0.81
268	423	0.85
268	466	0.80
269	415	0.82
269	473	0.98
270	68	0.91
270	93	0.93
270	207	0.72
270	211	0.90
270	341	0.75
270	440	0.74
271	86	0.88
271	95	0.86
271	147	1.00
271	158	0.73
271	357	0.78
272	396	0.88
273	35	0.70
273	37	0.91
273	44	0.96
273	77	0.78
273	105	0.74
273	130	0.99
273	171	0.88
273	251	0.93
273	361	0.92
273	462	0.85
274	6	0.81
274	28	0.89
274	77	0.93
274	100	0.97
274	184	0.84
274	275	0.98
274	277	0.99
274	297	0.86
274	317	0.99
274	332	0.87
274	415	0.85
274	451	0.94
274	476	0.93
274	488	0.81
275	207	0.75
275	402	0.90
276	98	0.77
276	270	0.77
276	318	0.80
276	358	0.92
276	466	0.93
277	165	0.83
277	238	0.81
277	478	0.81
278	57	0.92
278	105	0.99
278	111	0.99
278	307	0.84
278	401	0.76
278	450	0.83
279	24	0.94
279	147	0.87
279	337	0.91
279	341	0.77
280	32	0.70
280	103	0.72
280	161	0.75
280	266	0.95
280	392	0.83
280	436	0.89
281	26	0.76
281	223	0.96
281	259	0.92
282	64	0.93
282	299	0.90
282	337	0.84
282	438	0.90
284	22	0.83
284	200	0.82
284	282	0.84
284	340	0.77
284	455	0.79
284	456	0.72
285	44	0.93
285	163	0.76
285	217	0.96
286	29	0.91
286	62	0.98
286	65	0.73
286	213	0.85
286	452	0.81
286	473	0.98
287	81	0.90
287	126	0.81
287	158	0.81
287	182	0.92
287	184	0.94
287	325	0.93
287	375	0.98
287	405	0.95
287	422	0.96
288	62	0.84
288	89	0.88
288	247	0.94
288	376	0.70
289	24	0.89
289	185	0.86
289	315	0.88
289	345	0.89
289	357	0.94
289	378	0.89
289	445	0.98
289	470	0.77
290	20	0.71
290	207	0.91
290	261	0.75
291	62	0.82
291	113	0.97
291	227	0.89
291	235	0.80
291	261	0.96
291	271	0.99
291	273	0.86
291	329	0.83
291	457	0.72
292	45	0.72
292	139	0.88
292	170	0.86
292	352	0.78
292	431	0.91
294	29	0.86
294	163	0.84
294	323	0.78
295	12	0.71
295	224	0.84
295	266	0.80
295	402	0.90
296	22	0.95
296	187	0.96
296	191	0.86
296	242	0.76
296	334	0.88
296	461	0.75
297	232	0.85
297	249	0.98
297	390	0.85
297	400	0.93
298	28	0.74
298	144	0.93
298	252	0.78
298	394	0.79
298	421	0.95
298	438	0.77
299	244	0.93
299	273	0.87
300	144	0.73
300	169	0.74
300	304	0.85
300	391	0.72
300	416	0.96
300	447	0.77
300	460	0.81
300	484	0.82
301	160	0.73
302	171	0.81
302	174	0.95
302	281	1.00
302	411	0.85
303	47	0.71
303	70	0.92
303	496	0.94
304	165	1.00
304	357	0.74
305	83	0.93
305	275	0.92
305	278	0.81
305	395	0.95
305	399	0.76
305	409	0.71
306	8	0.87
306	10	0.89
306	49	1.00
306	80	0.99
306	165	0.81
306	260	0.71
307	31	0.74
307	141	0.88
307	276	0.81
307	339	0.86
308	15	0.87
308	39	0.94
308	207	0.81
309	127	0.96
309	202	0.85
309	252	0.94
309	307	0.85
309	312	0.78
309	328	0.93
309	397	0.86
309	483	0.78
310	51	0.82
310	170	0.92
310	479	0.74
311	33	0.84
311	290	0.91
311	410	1.00
311	421	0.79
311	432	0.88
311	444	0.85
312	110	0.81
312	151	0.71
312	221	0.93
312	324	0.90
312	458	0.95
313	46	0.99
313	131	0.96
313	267	0.99
313	294	0.77
313	428	0.84
313	441	0.89
314	223	0.86
314	284	0.74
314	298	0.83
314	470	0.97
315	248	0.75
315	493	0.73
316	104	0.97
316	181	0.73
316	269	0.88
316	389	0.83
316	398	0.88
316	417	0.73
316	450	0.74
317	13	0.80
317	274	0.83
317	356	0.94
317	416	0.79
318	61	0.80
318	171	0.86
318	191	1.00
318	344	0.98
319	147	0.85
319	273	0.94
319	297	0.89
319	335	0.79
319	353	0.89
319	431	0.71
320	44	0.82
320	121	0.80
320	251	0.87
320	255	0.76
320	357	0.94
321	355	0.76
322	20	0.89
322	310	0.87
322	408	0.85
322	434	0.90
322	438	0.86
323	152	0.74
323	162	0.81
323	168	0.81
323	177	0.90
323	285	0.83
324	84	0.79
324	114	0.81
324	212	0.99
324	448	0.71
325	342	0.93
325	465	0.90
326	186	0.97
326	217	0.95
326	429	0.84
327	181	0.83
327	237	0.90
327	309	0.93
328	265	0.92
328	278	0.71
328	373	0.95
328	447	0.75
329	2	0.95
329	225	1.00
329	246	0.85
329	297	0.92
329	345	0.87
329	475	0.78
330	58	0.86
330	110	0.96
330	115	0.99
330	175	0.80
330	390	0.84
330	455	0.74
330	462	0.96
331	82	0.75
331	168	0.81
331	200	0.91
331	447	0.74
332	64	0.91
332	209	0.98
332	350	0.80
333	105	0.76
333	150	0.72
333	211	0.84
333	451	0.95
334	3	0.89
334	89	0.76
334	114	0.84
334	124	0.98
334	259	0.92
334	676	1.00
335	68	0.97
335	248	0.84
335	274	0.83
335	315	0.76
335	378	0.95
336	24	0.87
336	30	0.71
336	290	0.83
336	350	0.80
337	31	0.96
337	113	0.87
337	323	0.83
337	345	0.80
337	414	0.88
337	473	0.73
337	495	0.92
338	216	0.79
338	221	0.74
338	244	0.74
338	292	0.88
338	332	0.99
338	341	0.94
338	382	0.93
338	492	0.85
339	194	0.92
339	331	0.97
340	119	0.78
340	155	0.75
340	257	0.89
340	288	0.91
340	420	0.84
340	424	0.71
341	384	0.87
342	13	0.86
342	32	0.94
342	82	0.86
342	167	0.99
342	392	0.78
343	277	0.89
343	291	0.98
343	397	0.70
343	492	0.98
343	494	0.88
344	86	0.91
344	136	0.98
344	171	0.95
344	295	0.94
344	298	0.99
344	364	0.86
344	375	0.70
345	72	0.89
345	90	0.96
345	168	0.83
345	209	0.99
345	350	0.89
346	96	0.77
346	329	0.81
346	382	0.89
346	448	0.79
347	49	0.84
347	197	0.71
347	243	0.71
347	459	0.76
348	70	0.71
348	253	0.89
348	278	0.77
349	25	0.82
349	118	0.77
349	196	0.84
349	273	0.86
349	285	0.93
349	322	0.91
349	392	0.74
349	412	0.74
350	127	0.81
350	427	0.95
350	434	0.81
350	436	0.84
350	487	0.94
351	3	0.78
351	38	0.94
351	86	0.77
351	123	0.94
352	62	0.71
352	122	0.81
352	372	0.73
352	490	0.91
353	46	0.84
353	290	0.98
353	357	0.83
354	108	0.92
354	257	0.95
354	358	0.94
354	417	0.73
355	24	0.86
355	123	0.86
355	268	0.91
355	324	0.86
355	459	0.76
355	466	0.79
356	46	0.86
356	114	0.77
356	320	0.75
356	339	0.81
356	457	0.77
357	158	0.73
357	255	0.90
357	379	0.73
357	466	0.89
357	471	0.94
357	492	0.72
358	277	0.90
359	54	0.95
359	125	0.74
359	140	0.98
359	329	0.72
359	330	0.78
359	413	0.98
359	436	0.90
360	12	0.77
360	67	0.71
360	83	0.84
360	188	0.78
360	458	0.96
360	494	0.71
361	254	0.88
361	359	0.71
361	452	0.92
362	78	0.81
362	174	0.87
362	185	0.82
362	335	0.97
362	393	0.83
362	394	0.75
363	53	0.95
363	129	0.83
363	249	0.78
363	291	0.71
364	289	0.85
364	290	0.75
364	386	0.72
364	472	0.82
365	30	0.88
365	45	0.81
365	314	0.82
365	409	0.74
366	294	0.94
366	415	0.76
367	35	0.93
367	69	0.81
367	115	0.79
367	129	0.99
367	183	0.90
367	235	0.73
367	344	0.93
368	62	0.90
368	172	0.77
368	202	0.72
368	353	0.78
368	496	0.83
369	272	0.77
369	299	0.99
369	498	0.91
370	308	0.80
370	350	0.99
370	479	0.73
371	78	0.97
371	183	0.80
371	288	0.90
371	341	0.73
372	114	0.96
372	186	0.71
372	227	0.78
372	353	0.80
373	22	0.98
373	62	0.82
373	69	0.71
373	84	0.71
373	98	0.92
373	253	0.95
373	324	0.96
374	45	0.77
374	215	0.82
374	403	0.90
375	67	0.78
375	131	0.79
375	319	0.74
376	74	0.89
376	219	0.83
377	26	0.87
377	57	0.81
377	132	0.86
377	163	0.97
377	480	0.75
378	25	0.89
378	57	0.88
378	84	0.77
378	180	0.95
378	202	0.93
378	205	0.83
378	336	0.89
378	379	0.93
378	429	0.75
378	435	0.72
378	463	0.93
379	78	0.95
379	298	0.77
380	30	0.96
380	48	0.86
380	395	0.90
380	424	0.86
381	284	1.00
381	422	0.80
382	19	0.83
382	227	0.90
382	284	0.89
382	469	0.88
383	58	0.71
383	268	0.87
383	315	0.85
383	350	0.81
384	8	0.80
384	23	0.82
384	62	1.00
384	156	0.86
384	195	0.99
384	245	0.72
384	254	0.96
384	366	0.82
385	51	0.76
385	237	0.96
386	29	0.74
386	421	0.94
386	472	0.95
387	269	0.71
387	332	0.88
387	341	0.91
387	475	0.92
387	495	0.94
388	89	0.83
388	164	0.98
388	299	0.74
388	381	0.86
388	414	0.90
388	482	0.94
389	64	0.72
389	79	0.71
389	278	0.84
389	355	0.73
390	119	0.90
390	334	0.72
390	443	0.92
390	484	0.74
391	56	0.86
391	94	0.81
391	222	0.71
391	288	0.72
391	340	0.84
391	358	0.78
392	2	1.00
392	52	0.95
392	226	0.85
392	416	0.98
393	123	0.80
393	159	0.80
393	450	0.90
394	34	0.92
394	128	0.70
394	372	0.92
395	67	0.75
395	68	0.93
395	129	0.85
395	277	0.81
395	283	0.92
395	331	0.97
395	386	0.76
395	435	0.96
395	450	0.97
396	50	0.83
396	154	0.96
396	208	0.73
396	223	0.76
396	317	0.97
396	345	0.92
396	440	0.92
396	482	0.84
396	490	0.75
397	47	0.88
397	78	0.74
397	200	0.90
397	224	0.87
397	337	0.86
397	364	0.92
397	366	0.79
397	420	0.75
398	410	0.74
399	9	0.97
399	16	0.85
399	262	0.78
399	444	0.94
400	91	0.90
400	102	0.95
400	125	0.75
400	138	0.93
400	139	0.87
400	184	0.85
400	354	0.89
401	131	0.92
401	192	0.75
401	222	0.98
401	226	0.71
401	291	0.88
401	353	0.71
402	111	0.91
402	307	0.83
402	329	0.82
402	458	0.90
403	34	0.93
403	470	0.77
404	352	0.73
404	387	1.00
404	391	0.94
404	475	0.95
404	482	0.93
405	20	0.71
405	62	0.71
405	106	0.92
405	117	0.71
405	193	0.71
405	377	0.83
405	497	0.73
406	225	0.73
406	393	0.81
406	413	0.88
406	492	0.92
407	27	0.93
407	405	0.80
407	414	0.99
407	415	0.92
407	483	0.73
407	485	0.73
408	74	0.90
408	391	0.82
408	456	0.99
408	492	0.98
408	497	0.91
409	179	0.88
409	271	0.94
410	91	0.72
410	112	0.95
410	290	0.92
410	380	0.83
411	58	0.81
411	78	0.76
411	180	0.77
411	203	1.00
411	208	0.84
411	236	0.85
411	293	0.83
411	304	0.78
411	325	0.72
411	345	1.00
411	351	0.87
411	489	0.99
412	62	0.91
412	76	0.77
412	202	0.91
412	216	1.00
412	369	0.81
412	421	0.93
412	423	0.89
413	273	0.70
413	395	0.76
413	433	0.99
414	4	0.96
414	90	0.79
414	138	0.82
414	237	0.94
414	239	0.93
414	428	0.75
414	431	0.97
414	454	0.94
414	493	0.82
415	31	0.83
415	51	0.79
415	222	0.77
415	283	0.92
416	10	0.74
416	84	0.73
416	101	0.99
416	109	0.82
416	168	0.88
416	236	0.94
416	285	0.88
416	318	0.76
416	340	0.91
416	373	0.82
417	43	0.79
417	66	0.80
417	89	0.88
417	128	0.99
417	272	0.78
417	338	0.87
417	420	0.93
418	208	0.87
418	222	0.94
418	466	0.91
419	74	0.94
419	120	0.99
419	171	0.96
419	213	0.72
419	365	0.72
420	64	0.81
420	94	0.81
420	109	0.82
420	276	0.95
420	446	0.84
420	454	0.73
421	73	0.94
421	291	0.75
421	444	0.79
421	466	0.74
421	472	0.74
422	333	0.76
422	381	0.96
422	469	0.91
423	62	0.75
423	151	0.86
423	435	0.95
423	468	0.99
424	3	0.73
424	15	0.82
424	35	0.87
424	106	0.71
424	123	0.86
424	175	0.90
424	309	0.88
424	346	0.89
425	250	0.98
425	377	0.71
426	21	0.86
426	80	0.96
426	98	0.73
426	117	0.79
427	99	0.86
428	99	0.87
428	119	0.76
428	121	0.86
428	199	0.82
428	275	0.84
428	448	0.74
428	487	0.95
429	266	0.74
429	339	0.96
430	13	0.79
430	38	0.83
430	99	0.97
430	135	0.75
430	342	0.74
431	9	0.98
431	25	0.72
431	42	0.80
431	108	0.93
431	291	0.90
431	313	0.84
431	319	0.79
432	173	0.92
432	186	0.90
432	258	0.96
432	347	0.92
432	384	0.98
432	385	0.97
432	407	0.96
432	495	0.77
433	18	0.97
433	60	0.95
433	128	0.89
433	423	0.89
433	478	0.77
433	488	1.00
434	43	0.88
434	56	0.86
434	160	0.81
434	189	0.88
434	323	0.78
434	444	0.87
434	460	0.81
435	46	0.86
435	109	0.99
435	134	0.99
436	76	0.84
436	98	0.78
437	72	0.89
437	279	0.93
437	400	0.83
438	89	0.87
438	124	0.71
438	157	0.89
438	411	0.71
440	273	0.75
440	313	0.98
441	6	0.77
441	465	0.76
442	4	0.74
442	89	0.91
442	109	0.86
442	191	0.98
442	232	0.99
442	272	0.99
442	326	0.80
442	366	0.94
442	491	0.74
443	24	0.99
443	81	0.77
443	154	0.89
443	375	0.95
443	455	0.79
444	73	0.93
444	81	0.95
444	121	0.97
444	139	0.88
444	373	0.98
444	435	0.88
445	172	0.84
445	225	0.87
445	239	0.90
445	346	0.87
445	413	0.96
446	17	0.74
446	39	0.79
446	148	0.78
446	242	0.75
446	661	0.76
447	11	0.83
447	185	0.86
447	449	0.83
448	145	0.90
448	296	0.93
448	364	0.78
448	396	0.87
448	475	0.87
449	133	0.92
449	240	0.73
449	259	0.82
450	24	0.88
450	76	0.91
450	105	0.79
450	163	0.76
450	214	0.85
450	323	0.81
450	459	0.91
451	475	0.99
452	100	0.79
452	207	0.98
452	230	0.96
452	234	0.74
452	268	0.98
452	312	0.77
453	66	0.82
453	179	0.95
453	197	0.74
453	201	0.72
453	330	0.88
453	416	0.73
453	456	0.82
453	471	0.76
454	201	0.97
454	281	0.74
454	297	0.77
454	413	0.92
454	468	0.71
454	477	0.96
455	51	1.00
455	319	0.85
455	475	0.89
456	31	0.74
456	51	0.71
456	75	0.75
456	145	0.99
456	311	0.72
456	357	0.88
456	438	0.70
456	488	0.74
457	217	0.74
457	312	0.86
457	399	0.86
457	489	0.97
458	24	0.86
458	205	0.73
458	218	0.88
458	311	0.80
459	49	0.81
459	192	0.97
459	194	0.75
459	415	0.79
460	67	0.75
460	186	0.79
460	480	0.99
461	85	0.94
461	249	0.91
461	250	0.73
461	275	0.86
461	304	0.80
461	330	0.87
461	391	0.80
461	402	0.93
461	491	0.79
462	35	0.82
462	122	0.84
462	163	0.85
462	210	0.92
462	296	0.94
463	7	0.94
463	47	0.76
463	253	0.87
464	251	0.84
464	368	0.74
464	371	0.96
464	389	0.97
464	407	0.73
464	445	0.87
465	40	0.86
465	56	0.94
465	439	0.91
465	485	0.89
466	5	0.94
466	19	0.99
466	155	0.98
466	221	0.96
466	382	0.90
466	488	0.92
467	57	0.75
467	169	0.93
467	250	0.92
467	446	0.77
468	225	0.98
468	247	0.90
468	346	0.76
468	362	0.71
468	480	0.79
468	485	0.93
469	52	0.82
469	276	0.93
469	357	0.88
469	472	0.81
469	496	0.91
470	12	0.93
470	73	0.97
470	87	0.77
470	113	0.95
470	188	0.95
470	276	0.91
470	326	0.73
470	363	0.77
470	391	0.88
470	459	0.80
471	30	0.84
471	92	0.74
471	111	0.78
471	407	0.77
471	441	0.93
471	881	0.75
472	60	0.95
472	240	0.86
472	265	0.96
472	299	0.84
473	9	0.95
473	176	0.78
473	268	0.99
473	276	0.79
473	332	0.93
473	415	0.77
473	420	0.87
473	428	0.78
474	84	0.91
474	143	0.86
474	354	0.77
475	135	0.78
475	342	0.92
475	391	0.95
475	427	0.88
476	19	0.93
476	51	0.86
476	105	0.72
476	192	0.97
476	197	0.78
476	259	0.74
476	268	0.97
476	310	0.84
476	321	0.96
476	401	0.75
476	424	0.80
477	6	0.90
477	24	1.00
477	92	0.84
478	3	0.84
478	39	0.72
478	116	0.90
478	185	0.80
478	278	0.95
478	447	0.75
479	68	0.96
479	378	0.96
479	472	0.84
480	25	0.99
480	99	0.91
480	100	0.74
480	130	0.91
480	131	0.73
480	178	0.82
480	214	0.79
480	396	0.71
480	486	0.91
481	43	0.75
481	107	0.88
481	253	0.72
481	277	0.88
481	303	0.93
481	431	0.82
481	467	1.00
482	19	0.93
482	26	0.92
482	75	0.72
482	104	0.75
482	169	0.71
482	178	0.97
482	189	0.95
482	203	0.83
482	248	0.77
482	249	0.97
482	373	0.77
482	476	0.81
482	477	0.91
483	283	0.89
483	373	0.93
483	473	0.85
484	20	0.76
484	97	0.92
484	153	0.76
484	161	0.82
484	362	0.82
484	383	0.79
484	428	0.84
484	465	0.88
484	468	0.86
485	26	0.93
485	162	0.87
485	248	0.71
485	263	0.94
485	288	0.90
485	346	0.78
485	374	0.85
485	480	0.75
486	45	0.99
486	257	0.71
486	260	0.91
486	273	0.94
486	329	0.74
487	180	0.76
487	313	0.80
488	162	1.00
488	168	0.75
488	225	0.94
488	277	0.80
488	293	0.91
488	310	0.91
489	0	0.75
489	34	0.71
489	277	0.93
489	320	0.76
489	321	0.73
489	340	0.75
489	400	0.88
490	302	0.99
490	344	0.77
491	22	0.83
491	288	0.84
491	369	0.83
491	418	0.87
491	426	0.77
492	27	0.96
492	183	0.78
492	334	0.93
492	346	0.85
492	403	0.71
492	426	0.73
493	50	0.88
493	73	0.76
493	79	0.73
493	90	0.77
493	414	0.97
494	142	0.90
494	235	0.92
494	341	0.80
494	463	0.72
495	36	0.77
495	105	0.97
495	151	0.83
495	175	0.83
495	201	0.78
495	265	0.80
495	321	0.90
495	360	0.97
495	467	0.81
496	314	0.77
496	329	0.81
496	413	0.83
497	58	0.94
497	60	0.83
497	134	0.84
497	208	0.73
498	145	0.82
498	371	0.72
499	62	1.00
499	379	0.76
500	550	0.10
500	685	0.08
500	772	0.07
500	783	0.02
500	788	0.06
500	859	0.05
500	868	0.03
500	874	0.06
500	992	0.04
501	738	0.01
501	746	0.00
501	900	0.06
502	508	0.08
502	516	0.04
502	628	0.02
502	736	0.06
502	744	0.09
503	592	0.01
504	652	0.05
504	706	0.09
504	743	0.09
504	848	0.09
505	530	0.01
505	570	0.02
505	711	0.09
505	780	0.06
505	794	0.03
505	903	0.04
506	816	0.03
506	890	0.08
506	933	0.03
506	958	0.09
507	648	0.04
507	727	0.09
507	764	0.05
507	782	0.03
507	882	0.04
508	565	0.01
508	804	0.04
508	996	0.05
509	694	0.08
509	762	0.05
509	778	0.03
509	815	0.09
510	583	0.06
510	660	0.05
510	680	0.07
510	845	0.01
510	873	0.01
511	534	0.05
511	627	0.07
511	639	0.03
511	695	0.08
511	711	0.02
511	835	0.07
511	913	0.08
512	717	0.01
512	728	0.04
512	767	0.07
513	906	0.01
514	576	0.08
514	752	0.05
515	521	0.09
515	644	0.09
515	697	0.03
515	706	0.00
515	778	0.01
515	785	0.10
515	805	0.06
515	970	0.06
515	982	0.06
516	519	0.10
516	589	0.09
516	693	0.00
516	909	0.08
517	501	0.02
517	624	0.04
517	625	0.03
517	858	0.04
518	526	0.04
518	559	0.09
518	797	0.05
518	967	0.04
518	983	0.09
519	505	0.09
519	736	0.04
519	755	0.06
519	814	0.00
519	977	0.02
520	503	0.05
520	624	0.05
520	673	0.05
520	757	0.08
520	775	0.08
520	887	0.08
521	505	0.02
521	731	0.02
521	763	0.01
521	769	0.09
521	792	0.03
521	818	0.04
521	959	0.04
522	519	0.01
522	520	0.09
522	572	0.07
522	810	0.02
522	816	0.02
522	875	0.03
523	638	0.03
523	653	0.02
523	811	0.06
523	893	0.08
523	922	0.09
524	503	0.01
524	566	0.05
524	822	0.07
525	501	0.04
525	670	0.05
525	746	0.10
525	916	0.05
525	917	0.05
526	546	0.06
526	657	0.03
526	817	0.08
526	912	0.02
526	980	0.05
527	590	0.01
527	687	0.07
527	702	0.04
527	836	0.01
527	875	0.02
527	885	0.07
528	520	0.10
528	536	0.02
528	574	0.09
528	581	0.00
528	764	0.08
528	844	0.05
528	939	0.03
529	734	0.10
529	881	0.04
529	893	0.07
529	932	0.00
529	966	0.09
530	515	0.04
530	556	0.01
530	592	0.07
530	735	0.09
530	853	0.06
532	599	0.08
532	633	0.10
532	654	0.02
532	700	0.01
532	792	0.10
532	841	0.07
532	852	0.05
532	998	0.08
533	556	0.01
533	619	0.07
533	675	0.07
534	794	0.04
534	883	0.10
534	891	0.03
534	904	0.02
534	924	0.06
535	529	0.06
535	572	0.07
535	602	0.04
535	632	0.02
535	859	0.05
535	922	0.03
536	548	0.06
536	753	0.06
536	763	0.06
536	931	0.03
537	556	0.06
537	676	0.06
537	708	0.03
538	802	0.05
538	804	0.04
538	937	0.09
538	986	0.10
539	749	0.06
539	778	0.03
539	785	0.01
539	828	0.04
539	841	0.07
539	973	0.00
540	528	0.02
540	767	0.03
540	861	0.04
541	904	0.06
542	506	0.03
542	605	0.09
542	711	0.10
542	818	0.05
542	839	0.02
543	627	0.09
543	661	0.01
543	699	0.02
543	757	0.03
543	765	0.02
543	906	0.08
544	524	0.03
544	755	0.03
544	811	0.02
545	6	0.05
545	598	0.05
545	626	0.07
545	629	0.09
545	636	0.05
545	955	0.06
545	991	0.08
546	607	0.09
546	652	0.01
546	710	0.04
546	796	0.05
546	867	0.06
547	531	0.01
547	637	0.07
547	697	0.00
547	876	0.02
547	962	0.08
548	712	0.08
548	746	0.06
548	944	0.01
549	598	0.09
549	730	0.02
549	820	0.06
549	854	0.08
550	667	0.06
550	741	0.09
550	772	0.03
550	777	0.07
550	889	0.02
551	553	0.04
551	754	0.03
551	992	0.08
552	641	0.05
552	747	0.04
552	794	0.03
552	815	0.08
552	824	0.08
552	889	0.04
552	943	0.10
553	618	0.02
553	648	0.03
553	687	0.08
553	741	0.01
553	881	0.08
553	889	0.09
553	997	0.06
554	512	0.04
554	571	0.04
554	648	0.03
554	743	0.05
554	858	0.00
554	976	0.10
555	522	0.03
555	596	0.01
555	682	0.06
555	850	0.06
555	865	0.01
555	870	0.06
555	965	0.04
556	729	0.09
556	841	0.05
557	526	0.04
557	585	0.07
557	673	0.08
557	770	0.01
557	920	0.03
557	944	0.01
558	583	0.03
558	790	0.09
558	808	0.10
558	830	0.03
558	831	0.10
558	961	0.01
559	560	0.07
559	658	0.06
559	865	0.04
560	738	0.09
560	768	0.06
560	881	0.09
560	996	0.07
561	802	0.02
561	997	0.04
562	590	0.03
562	729	0.02
562	730	0.09
562	744	0.08
562	815	0.03
562	916	0.02
562	940	0.10
562	957	0.08
563	567	0.05
563	685	0.09
563	716	0.03
563	754	0.09
564	586	0.02
564	636	0.02
564	794	0.07
564	928	0.01
564	953	0.01
565	628	0.00
565	756	0.10
565	850	0.08
565	867	0.05
565	924	0.05
565	942	0.08
566	564	0.01
566	619	0.06
566	838	0.09
566	878	0.07
566	965	0.05
567	510	0.04
567	723	0.01
567	865	0.03
567	874	0.05
568	542	0.10
568	737	0.04
568	773	0.08
568	927	0.01
568	946	0.07
569	507	0.02
569	519	0.05
569	576	0.01
569	584	0.02
569	677	0.01
569	847	0.09
569	903	0.05
569	939	0.05
569	983	0.07
570	509	0.02
570	616	0.05
570	771	0.01
570	783	0.01
570	836	0.00
570	846	0.03
570	934	0.01
570	985	0.02
571	539	0.05
571	630	0.07
571	647	0.06
571	666	0.05
571	756	0.02
571	847	0.07
571	944	0.05
572	528	0.08
572	535	0.09
572	539	0.03
572	567	0.02
572	793	0.02
572	831	0.06
572	851	0.00
572	889	0.08
572	919	0.03
573	523	0.06
573	922	0.01
573	984	0.02
574	630	0.02
574	654	0.07
574	662	0.06
574	735	0.09
574	760	0.09
574	916	0.02
574	951	0.02
574	968	0.09
575	565	0.06
575	668	0.09
575	914	0.07
575	991	0.06
576	545	0.05
576	567	0.04
576	661	0.03
576	716	0.04
576	816	0.02
577	508	0.04
577	737	0.10
577	761	0.02
577	876	0.06
577	965	0.01
578	541	0.02
578	562	0.04
578	857	0.01
579	639	0.02
579	790	0.03
579	845	0.01
579	876	0.08
579	908	0.07
580	635	0.01
580	758	0.05
580	852	0.02
580	961	0.07
581	517	0.07
581	527	0.01
581	564	0.00
581	629	0.05
581	640	0.02
581	764	0.09
581	778	0.06
581	799	0.07
581	908	0.07
581	909	0.00
581	917	0.03
581	938	0.07
581	980	0.05
582	595	0.01
582	633	0.07
582	678	0.08
582	730	0.07
582	815	0.03
582	824	0.03
582	976	0.02
583	552	0.09
583	689	0.04
583	871	0.02
583	929	0.10
583	971	0.05
584	534	0.08
584	551	0.02
584	644	0.08
584	663	0.06
585	617	0.05
585	645	0.08
585	746	0.06
585	765	0.10
585	999	0.05
586	523	0.01
586	954	0.06
587	589	0.02
587	716	0.06
587	748	0.02
588	520	0.09
588	857	0.09
588	975	0.01
589	540	0.08
589	677	0.00
589	856	0.04
589	878	0.00
589	911	0.05
589	978	0.06
590	648	0.08
590	661	0.00
590	767	0.03
590	873	0.04
590	909	0.04
590	928	0.07
591	560	0.05
591	600	0.05
591	755	0.03
591	789	0.01
591	828	0.07
591	938	0.02
591	987	0.01
592	546	0.07
592	772	0.07
592	800	0.03
592	809	0.06
592	852	0.09
593	565	0.06
593	619	0.03
593	737	0.10
593	788	0.10
593	847	0.04
593	894	0.09
593	918	0.10
593	961	0.07
594	537	0.05
594	538	0.02
594	561	0.07
594	656	0.03
594	702	0.08
594	931	0.03
594	981	0.05
595	519	0.06
595	573	0.05
595	634	0.04
595	886	0.08
595	989	0.08
596	705	0.03
596	720	0.05
596	723	0.03
596	873	0.05
596	880	0.01
596	894	0.03
596	919	0.06
597	519	0.05
597	769	0.09
597	831	0.09
597	934	0.03
598	730	0.05
598	795	0.05
598	849	0.09
598	977	0.03
599	581	0.09
599	598	0.05
599	729	0.01
599	788	0.06
600	885	0.01
600	930	0.01
601	654	0.01
601	723	0.09
602	648	0.01
602	728	0.07
602	753	0.03
602	831	0.04
602	983	0.05
603	754	0.04
603	859	0.09
603	893	0.07
604	553	0.01
604	564	0.04
604	605	0.05
604	783	0.02
605	552	0.05
605	598	0.04
605	654	0.05
605	859	0.05
605	954	0.04
606	625	0.07
606	786	0.01
606	866	0.10
607	868	0.02
607	872	0.05
607	881	0.06
607	972	0.02
608	677	0.02
608	753	0.09
608	859	0.08
608	885	0.01
608	941	0.08
609	574	0.01
609	594	0.10
609	621	0.05
609	702	0.09
609	751	0.07
609	759	0.05
609	789	0.04
609	909	0.02
610	540	0.01
610	593	0.06
610	827	0.04
610	877	0.07
611	509	0.02
611	556	0.03
611	579	0.05
611	707	0.09
611	775	0.10
611	781	0.01
611	849	0.09
612	574	0.01
612	592	0.01
612	729	0.07
612	764	0.10
612	922	0.07
613	757	0.07
613	846	0.08
613	889	0.00
614	585	0.06
614	590	0.03
614	597	0.00
614	663	0.09
614	671	0.05
615	571	0.07
615	585	0.03
615	622	0.05
615	685	0.04
615	822	0.03
615	959	0.00
616	518	0.02
616	529	0.01
616	569	0.04
616	767	0.05
616	862	0.08
616	972	0.01
617	532	0.03
617	669	0.02
617	705	0.06
617	721	0.04
617	846	0.04
617	859	0.09
617	889	0.06
617	912	0.03
618	658	0.08
618	759	0.09
618	783	0.09
618	799	0.04
618	867	0.02
618	925	0.10
619	642	0.07
619	697	0.05
619	752	0.09
619	822	0.03
619	864	0.00
619	912	0.03
620	666	0.09
620	697	0.01
620	833	0.04
620	886	0.05
620	901	0.09
620	945	0.05
620	992	0.08
621	610	0.10
621	800	0.09
622	858	0.00
622	864	0.03
622	935	0.01
623	567	0.02
623	688	0.08
623	715	0.07
623	722	0.07
623	759	0.07
623	794	0.06
624	736	0.06
624	777	0.00
624	897	0.10
624	999	0.05
625	705	0.03
625	731	0.02
625	755	0.02
625	878	0.03
625	899	0.08
625	954	0.05
626	537	0.09
626	616	0.05
626	705	0.10
626	790	0.07
626	794	0.01
626	928	0.03
626	981	0.08
627	684	0.03
627	831	0.08
627	839	0.02
627	845	0.08
627	928	0.03
627	967	0.04
627	985	0.08
628	599	0.09
628	601	0.08
628	610	0.02
628	649	0.05
628	864	0.01
628	868	0.01
628	965	0.02
629	501	0.02
629	538	0.04
629	574	0.09
629	724	0.08
629	855	0.00
629	878	0.06
630	573	0.08
630	594	0.01
630	715	0.09
630	735	0.10
630	863	0.06
631	660	0.05
631	858	0.04
631	922	0.07
631	996	0.04
632	648	0.08
632	842	0.10
632	971	0.05
632	978	0.01
633	514	0.08
633	566	0.07
633	580	0.03
633	599	0.05
633	699	0.04
633	814	0.02
634	594	0.08
634	774	0.07
635	573	0.08
635	576	0.06
635	675	0.02
635	707	0.02
635	993	0.06
637	549	0.08
637	550	0.03
637	583	0.09
637	718	0.10
637	829	0.01
637	868	0.02
637	886	0.09
637	910	0.06
638	602	0.05
638	610	0.04
638	821	0.01
638	903	0.10
639	561	0.05
639	803	0.03
639	831	0.07
639	898	0.07
639	982	0.02
640	694	0.04
640	870	0.03
641	644	0.01
641	782	0.07
641	803	0.09
642	542	0.07
642	809	0.10
642	826	0.06
642	981	0.06
643	588	0.04
643	687	0.06
643	829	0.04
643	893	0.02
643	961	0.03
643	982	0.02
644	38	0.06
644	607	0.05
644	626	0.01
644	632	0.03
644	653	0.04
644	658	0.04
644	748	0.07
644	962	0.04
645	508	0.05
645	551	0.04
645	730	0.02
645	733	0.02
645	748	0.03
645	942	0.02
645	947	0.05
646	540	0.07
646	579	0.05
646	722	0.01
646	753	0.03
646	923	0.07
647	537	0.01
647	715	0.03
647	852	0.07
648	524	0.01
648	550	0.05
648	613	0.01
648	667	0.09
648	725	0.06
648	838	0.03
648	945	0.05
649	651	0.09
649	726	0.01
649	763	0.03
649	811	0.06
649	849	0.01
649	966	0.00
650	528	0.01
650	554	0.03
650	577	0.03
650	615	0.07
650	671	0.04
650	855	0.03
651	737	0.07
651	746	0.01
651	878	0.08
651	988	0.02
652	531	0.06
652	556	0.08
652	612	0.00
652	721	0.00
652	768	0.07
652	780	0.01
652	835	0.09
652	870	0.08
652	965	0.03
652	979	0.03
653	509	0.06
653	575	0.07
653	591	0.02
653	639	0.04
653	679	0.08
653	848	0.05
653	897	0.10
653	912	0.05
653	943	0.05
654	513	0.04
654	769	0.09
654	936	0.09
654	971	0.08
655	597	0.08
655	602	0.09
655	603	0.09
655	775	0.03
655	853	0.01
655	868	0.03
656	504	0.05
656	533	0.04
656	625	0.09
656	668	0.02
657	541	0.09
657	613	0.05
657	662	0.09
657	773	0.02
657	813	0.08
657	920	0.03
657	928	0.03
657	957	0.05
658	675	0.01
658	779	0.08
658	832	0.08
658	994	0.06
659	658	0.07
659	740	0.09
659	849	0.06
660	507	0.03
660	519	0.09
660	666	0.06
661	658	0.04
661	680	0.02
661	761	0.03
661	889	0.06
662	522	0.09
662	549	0.05
662	632	0.02
662	683	0.05
662	869	0.02
663	502	0.09
663	508	0.04
663	651	0.07
663	862	0.05
664	582	0.07
664	830	0.04
665	535	0.07
665	553	0.02
665	754	0.03
665	789	0.01
665	815	0.01
665	828	0.03
665	862	0.09
666	554	0.05
666	579	0.04
666	682	0.02
666	728	0.06
666	876	0.10
667	505	0.08
667	606	0.06
667	611	0.09
667	644	0.04
667	668	0.05
667	802	0.08
667	827	0.02
667	920	0.01
667	939	0.10
668	566	0.10
668	591	0.05
668	647	0.03
668	834	0.08
668	936	0.09
669	582	0.04
669	690	0.07
669	704	0.01
669	706	0.03
669	756	0.08
669	765	0.01
669	792	0.04
669	818	0.05
669	979	0.01
670	558	0.07
670	563	0.01
670	583	0.05
670	712	0.07
670	765	0.08
670	833	0.08
670	986	0.00
671	567	0.09
671	579	0.05
671	607	0.02
671	638	0.08
671	698	0.08
671	708	0.09
671	763	0.01
671	822	0.03
671	898	0.03
671	913	0.06
671	975	0.03
671	997	0.01
672	674	0.02
672	733	0.06
672	934	0.08
673	751	0.09
673	896	0.07
674	533	0.08
674	651	0.07
674	840	0.09
674	936	0.09
674	938	0.01
674	953	0.09
674	984	0.09
675	511	0.05
675	571	0.10
675	701	0.05
675	882	0.02
675	970	0.08
676	584	0.05
676	844	0.09
676	856	0.03
677	528	0.02
677	686	0.08
677	700	0.02
677	735	0.08
677	780	0.04
678	662	0.09
678	846	0.02
678	854	0.08
678	892	0.09
679	627	0.00
679	634	0.04
679	695	0.04
679	814	0.07
679	935	0.08
680	532	0.04
680	683	0.06
680	822	0.03
680	890	0.08
680	926	0.03
680	978	0.06
681	651	0.08
681	708	0.06
681	780	0.01
681	792	0.01
681	855	0.05
681	864	0.08
681	971	0.00
682	616	0.10
682	779	0.00
682	875	0.09
682	915	0.06
683	588	0.09
683	633	0.03
683	727	0.02
683	851	0.07
683	896	0.02
683	959	0.07
684	603	0.05
684	742	0.08
684	759	0.04
684	840	0.08
684	880	0.02
685	510	0.05
685	559	0.06
685	579	0.07
685	633	0.04
685	722	0.02
685	784	0.02
685	833	0.02
686	505	0.09
686	562	0.06
686	711	0.02
686	822	0.05
686	884	0.10
686	898	0.05
686	923	0.08
686	967	0.02
687	567	0.03
687	627	0.01
687	681	0.01
687	698	0.10
687	766	0.02
687	767	0.07
687	949	0.07
688	604	0.02
688	663	0.05
688	693	0.05
688	734	0.05
688	746	0.00
688	807	0.04
688	826	0.03
688	840	0.06
688	844	0.08
688	954	0.00
689	496	0.09
689	503	0.10
689	607	0.08
689	614	0.02
689	996	0.06
690	501	0.08
690	576	0.09
690	664	0.10
690	675	0.07
690	705	0.10
690	811	0.01
690	822	0.03
691	552	0.02
691	708	0.09
691	717	0.01
691	735	0.04
691	861	0.03
691	885	0.02
692	590	0.05
692	693	0.02
692	694	0.03
693	703	0.08
693	739	0.06
693	905	0.10
694	525	0.06
694	645	0.02
694	827	0.10
694	854	0.08
695	574	0.01
695	603	0.04
695	607	0.01
695	763	0.02
695	840	0.06
696	503	0.09
696	740	0.09
696	749	0.00
696	811	0.04
696	874	0.05
696	896	0.03
696	901	0.01
697	535	0.04
697	668	0.01
698	532	0.01
698	632	0.07
698	988	0.05
699	540	0.06
699	571	0.01
699	825	0.03
699	861	0.06
700	712	0.01
700	918	0.01
701	536	0.08
701	590	0.06
701	594	0.00
701	787	0.07
702	542	0.08
702	649	0.06
702	663	0.01
702	666	0.05
702	714	0.02
702	840	0.07
702	909	0.01
702	997	0.10
703	528	0.10
703	719	0.02
703	937	0.07
703	964	0.05
703	994	0.08
703	996	0.02
704	597	0.07
704	623	0.02
704	649	0.01
704	695	0.04
704	797	0.08
704	810	0.06
705	582	0.03
705	896	0.06
705	908	0.09
706	501	0.04
706	525	0.09
706	622	0.08
706	815	0.05
706	823	0.03
706	947	0.03
707	746	0.05
707	809	0.05
707	813	0.05
708	545	0.02
708	585	0.10
708	663	0.02
708	679	0.03
708	756	0.03
708	929	0.02
709	582	0.05
709	608	0.04
709	632	0.09
709	642	0.09
709	699	0.10
710	534	0.09
710	581	0.09
710	611	0.06
710	620	0.02
710	669	0.08
710	970	0.06
711	573	0.03
711	707	0.01
711	780	0.05
711	840	0.03
711	913	0.08
711	914	0.02
712	682	0.01
712	765	0.10
712	787	0.05
713	524	0.04
713	625	0.09
713	649	0.08
713	732	0.04
713	957	0.04
714	518	0.03
714	657	0.06
714	821	0.03
714	849	0.06
715	501	0.05
715	630	0.10
715	668	0.08
715	740	0.10
715	837	0.03
715	881	0.07
715	887	0.09
715	900	0.08
715	928	0.02
715	937	0.05
716	825	0.04
717	501	0.03
717	504	0.02
717	635	0.05
717	743	0.01
717	883	0.09
718	563	0.07
718	586	0.04
718	914	0.05
719	507	0.09
719	588	0.04
719	618	0.01
720	989	0.06
721	526	0.01
721	634	0.07
721	844	0.06
721	869	0.06
721	954	0.10
721	995	0.03
722	544	0.08
722	678	0.10
722	756	0.05
722	835	0.01
722	959	0.04
722	989	0.05
723	682	0.01
723	894	0.02
723	962	0.08
724	659	0.03
724	799	0.02
725	526	0.03
725	693	0.02
725	747	0.06
725	791	0.05
725	972	0.02
726	503	0.06
726	539	0.07
726	736	0.03
727	541	0.03
727	649	0.03
727	668	0.02
727	729	0.05
727	732	0.02
727	771	0.00
727	841	0.08
727	907	0.09
728	635	0.08
728	636	0.03
728	755	0.09
728	758	0.03
728	966	0.01
728	992	0.02
729	506	0.04
729	779	0.03
729	928	0.07
730	555	0.05
730	711	0.01
730	904	0.05
730	919	0.04
731	634	0.03
731	675	0.09
731	692	0.05
731	790	0.00
731	820	0.07
731	909	0.00
731	971	0.01
731	979	0.05
732	768	0.00
732	835	0.02
732	916	0.08
732	985	0.05
733	527	0.04
733	768	0.02
733	845	0.05
733	909	0.04
733	970	0.07
733	974	0.05
734	539	0.03
734	715	0.02
735	526	0.09
735	579	0.02
735	642	0.02
735	701	0.05
735	743	0.07
735	828	0.01
736	627	0.04
736	777	0.04
736	829	0.10
737	648	0.08
737	713	0.07
737	738	0.02
737	775	0.09
737	927	0.03
738	592	0.04
738	937	0.07
738	964	0.02
738	976	0.03
739	605	0.09
739	692	0.04
740	910	0.06
740	933	0.05
740	939	0.04
740	964	0.04
741	644	0.07
741	682	0.06
741	941	0.00
741	969	0.10
742	627	0.04
742	698	0.01
742	741	0.09
742	969	0.07
743	634	0.07
743	639	0.06
743	791	0.09
743	884	0.04
743	979	0.00
744	574	0.04
744	626	0.06
744	692	0.07
744	917	0.08
744	958	0.09
745	790	0.08
745	893	0.07
746	520	0.01
746	530	0.01
746	670	0.04
746	699	0.06
746	780	0.09
746	879	0.06
747	603	0.01
747	853	0.05
747	984	0.03
748	550	0.05
748	566	0.04
748	680	0.03
748	686	0.01
748	754	0.02
748	874	0.10
748	908	0.10
749	686	0.02
749	752	0.04
749	805	0.09
749	907	0.05
750	557	0.01
750	573	0.08
750	582	0.03
750	623	0.08
751	620	0.03
751	746	0.04
751	778	0.04
752	572	0.07
752	635	0.05
752	642	0.08
752	790	0.09
752	889	0.02
752	900	0.09
752	908	0.05
752	926	0.03
752	962	0.08
753	553	0.10
753	775	0.03
753	830	0.07
753	845	0.04
753	868	0.07
753	984	0.03
753	998	0.01
754	566	0.04
754	712	0.01
754	858	0.02
754	970	0.07
755	715	0.06
755	729	0.03
755	736	0.03
755	942	0.07
756	529	0.07
756	630	0.00
756	761	0.01
756	807	0.06
756	904	0.08
757	546	0.05
757	660	0.00
757	751	0.05
757	876	0.00
757	941	0.05
757	945	0.04
757	981	0.01
758	535	0.01
758	549	0.06
758	743	0.01
758	849	0.05
758	901	0.07
758	912	0.06
759	532	0.01
759	685	0.07
759	717	0.04
759	821	0.03
760	885	0.01
761	535	0.09
761	621	0.08
761	648	0.06
761	695	0.06
761	832	0.09
762	562	0.07
762	629	0.09
762	642	0.04
762	884	0.05
762	893	0.04
762	934	0.00
762	951	0.10
762	970	0.05
763	517	0.06
763	525	0.01
763	539	0.05
763	558	0.00
763	791	0.05
763	924	0.01
764	759	0.04
764	896	0.03
764	958	0.01
765	544	0.08
765	569	0.08
765	779	0.02
765	831	0.04
765	974	0.07
766	541	0.06
766	653	0.05
766	726	0.05
766	852	0.00
766	856	0.04
766	871	0.00
766	926	0.07
766	959	0.03
767	604	0.02
767	641	0.04
767	786	0.04
767	837	0.08
767	898	0.03
767	952	0.06
767	969	0.08
767	998	0.08
768	502	0.02
768	617	0.05
768	645	0.10
768	780	0.07
769	715	0.07
769	872	0.07
770	674	0.04
770	809	0.10
770	827	0.06
771	724	0.01
771	960	0.04
772	604	0.04
772	626	0.03
772	687	0.01
772	756	0.01
772	766	0.05
772	780	0.09
772	837	0.03
772	884	0.07
773	530	0.09
773	671	0.07
773	811	0.10
773	826	0.06
773	909	0.03
774	520	0.09
774	563	0.06
774	823	0.02
774	829	0.03
774	910	0.01
774	952	0.02
775	732	0.05
776	537	0.01
776	548	0.03
776	591	0.01
776	760	0.02
776	912	0.04
777	512	0.05
777	533	0.05
777	666	0.04
777	679	0.02
777	687	0.05
777	801	0.07
777	805	0.07
777	893	0.06
778	501	0.05
778	538	0.06
778	762	0.09
778	781	0.06
778	833	0.04
778	867	0.04
779	528	0.05
779	714	0.01
779	770	0.01
779	934	0.03
779	996	0.06
780	921	0.06
781	649	0.07
781	873	0.02
781	914	0.09
781	972	0.04
782	510	0.02
782	513	0.06
782	568	0.03
782	581	0.01
782	647	0.03
782	654	0.01
782	655	0.05
782	803	0.03
783	502	0.03
783	557	0.00
783	747	0.06
783	894	0.08
783	910	0.10
783	947	0.03
783	987	0.03
783	992	0.07
784	609	0.06
784	610	0.08
784	685	0.04
784	847	0.09
784	849	0.02
784	898	0.10
784	912	0.04
784	961	0.09
785	778	0.10
785	807	0.06
785	937	0.04
786	509	0.10
786	636	0.02
786	664	0.10
786	743	0.03
786	828	0.02
786	850	0.03
787	671	0.08
787	798	0.08
787	852	0.08
787	858	0.01
787	982	0.02
788	660	0.01
788	666	0.08
788	816	0.03
789	510	0.05
789	618	0.02
789	676	0.10
789	744	0.09
789	754	0.02
789	776	0.07
789	843	0.07
789	930	0.05
789	978	0.04
790	504	0.03
790	535	0.09
790	595	0.03
790	637	0.05
790	853	0.04
790	950	0.02
790	954	0.07
791	505	0.02
791	532	0.07
791	833	0.07
791	971	0.10
791	978	0.07
792	529	0.08
792	574	0.10
792	701	0.08
792	710	0.09
792	744	0.04
792	785	0.04
792	798	0.01
793	137	0.09
793	542	0.04
793	673	0.03
793	840	0.02
793	956	0.09
794	711	0.08
794	965	0.05
795	587	0.06
795	753	0.06
795	785	0.07
795	880	0.01
796	912	0.05
796	992	0.01
796	999	0.02
797	104	0.10
797	614	0.07
797	740	0.02
797	744	0.05
797	889	0.06
798	650	0.03
798	783	0.10
798	952	0.03
799	582	0.01
799	664	0.09
799	750	0.05
799	805	0.09
799	895	0.04
800	678	0.02
800	691	0.03
800	760	0.01
800	813	0.01
800	817	0.09
800	845	0.06
801	708	0.08
801	804	0.08
801	826	0.04
801	873	0.09
801	956	0.01
801	960	0.01
801	980	0.01
802	684	0.03
802	779	0.07
802	865	0.07
802	916	0.04
803	502	0.05
803	638	0.09
803	774	0.04
803	880	0.03
803	908	0.04
803	923	0.03
804	539	0.03
804	585	0.04
804	600	0.04
804	618	0.05
804	788	0.04
804	807	0.10
805	536	0.04
805	591	0.08
805	612	0.02
805	752	0.09
805	858	0.01
805	896	0.06
805	979	0.05
805	987	0.03
806	701	0.02
806	866	0.08
807	782	0.06
807	841	0.05
807	884	0.04
808	607	0.10
808	639	0.05
808	642	0.05
808	704	0.05
809	549	0.04
809	690	0.04
809	942	0.06
810	519	0.02
810	589	0.01
810	644	0.08
810	681	0.01
810	763	0.04
811	505	0.03
811	641	0.04
811	753	0.01
811	865	0.09
811	888	0.04
811	923	0.01
811	963	0.10
811	992	0.06
812	556	0.00
812	692	0.06
812	952	0.07
813	544	0.05
813	570	0.06
813	629	0.02
814	505	0.10
814	646	0.04
814	691	0.00
814	841	0.07
814	891	0.05
814	928	0.02
815	511	0.03
815	534	0.07
815	664	0.10
815	785	0.06
815	828	0.03
816	578	0.02
816	605	0.10
816	638	0.07
816	954	0.00
817	569	0.09
817	600	0.07
817	639	0.06
817	758	0.02
817	818	0.06
817	900	0.06
818	559	0.09
818	604	0.09
818	643	0.08
818	664	0.01
818	702	0.08
818	835	0.06
818	850	0.00
818	934	0.02
818	942	0.08
818	953	0.07
819	534	0.08
819	579	0.08
819	631	0.06
819	723	0.01
820	522	0.08
820	604	0.07
820	740	0.01
820	841	0.01
820	882	0.03
820	938	0.01
820	952	0.02
821	533	0.07
821	720	0.02
821	834	0.07
821	887	0.08
821	952	0.05
822	690	0.06
822	701	0.07
822	761	0.03
822	817	0.09
822	864	0.08
822	868	0.04
822	915	0.05
822	958	0.05
823	500	0.07
823	617	0.07
823	881	0.09
823	889	0.06
824	560	0.04
824	563	0.05
824	654	0.07
824	764	0.03
824	869	0.06
825	623	0.04
825	647	0.09
825	687	0.00
825	781	0.03
825	818	0.06
825	844	0.06
825	857	0.03
825	935	0.00
825	964	0.09
826	546	0.01
826	810	0.07
826	887	0.06
826	957	0.10
827	602	0.09
827	624	0.03
827	782	0.08
827	800	0.09
827	851	0.01
827	862	0.01
827	870	0.00
827	876	0.08
828	583	0.07
828	714	0.08
828	818	0.06
829	288	0.06
829	648	0.08
829	705	0.04
829	765	0.04
829	897	0.04
829	935	0.10
830	501	0.00
830	638	0.07
830	725	0.05
830	844	0.07
830	854	0.02
830	973	0.02
831	822	0.02
831	955	0.03
832	659	0.03
832	706	0.01
832	748	0.06
832	890	0.06
832	958	0.05
833	583	0.03
833	640	0.02
833	753	0.03
833	812	0.02
834	575	0.06
834	615	0.03
834	887	0.03
834	932	0.00
835	528	0.08
835	539	0.03
835	586	0.04
835	608	0.09
835	903	0.04
835	986	0.01
835	998	0.07
835	999	0.05
836	647	0.08
836	839	0.09
836	890	0.09
836	904	0.06
836	942	0.01
837	637	0.07
837	718	0.04
837	828	0.00
838	508	0.04
838	554	0.10
838	627	0.02
838	726	0.00
838	923	0.01
838	942	0.03
838	958	0.06
838	970	0.08
839	615	0.07
839	711	0.10
839	766	0.08
839	932	0.02
839	951	0.06
839	969	0.06
840	546	0.09
840	622	0.06
840	775	0.07
840	990	0.05
841	627	0.02
841	694	0.01
841	917	0.08
842	523	0.04
842	561	0.01
842	606	0.07
842	686	0.02
843	566	0.09
843	791	0.09
843	817	0.08
843	957	0.07
843	981	0.04
844	502	0.09
844	553	0.03
844	621	0.01
844	632	0.06
844	663	0.01
844	723	0.10
844	742	0.01
844	928	0.05
845	528	0.04
845	540	0.00
845	584	0.06
845	688	0.01
845	760	0.03
845	779	0.03
845	799	0.04
845	863	0.06
845	888	0.08
845	907	0.10
846	562	0.05
846	612	0.03
846	628	0.09
847	711	0.02
847	861	0.01
847	938	0.02
847	985	0.07
848	507	0.02
848	656	0.04
848	796	0.02
848	909	0.09
848	922	0.02
848	997	0.01
849	516	0.05
849	556	0.09
849	732	0.02
849	937	0.07
849	975	0.04
850	553	0.03
850	594	0.00
850	801	0.03
851	697	0.08
851	730	0.09
851	731	0.08
851	734	0.08
851	756	0.10
851	996	0.02
852	549	0.03
853	572	0.10
853	694	0.06
853	735	0.00
853	918	0.03
853	946	0.05
854	257	0.09
854	621	0.05
854	743	0.08
854	812	0.09
854	864	0.04
855	541	0.06
855	660	0.04
855	691	0.06
855	710	0.09
855	918	0.04
856	548	0.08
856	598	0.08
856	666	0.10
856	694	0.07
856	712	0.02
856	827	0.01
857	529	0.07
857	591	0.07
857	856	0.03
857	883	0.03
857	976	0.06
858	517	0.08
858	550	0.02
858	712	0.06
858	727	0.01
858	766	0.03
859	580	0.10
859	593	0.02
859	609	0.03
859	637	0.04
859	656	0.03
859	847	0.07
859	956	0.00
859	983	0.03
860	859	0.08
860	863	0.06
860	867	0.03
860	914	0.01
860	948	0.04
861	856	0.09
861	903	0.05
861	924	0.06
861	938	0.01
862	525	0.10
862	821	0.01
862	853	0.06
863	699	0.02
863	933	0.02
863	999	0.04
864	747	0.09
864	780	0.07
865	634	0.09
865	660	0.09
865	720	0.08
865	748	0.03
865	780	0.09
865	852	0.02
865	901	0.05
865	937	0.01
866	611	0.08
866	684	0.01
866	991	0.06
867	500	0.01
867	527	0.08
867	615	0.07
867	693	0.06
867	726	0.05
867	746	0.05
867	835	0.10
867	864	0.03
867	891	0.01
868	503	0.06
868	780	0.09
868	800	0.07
868	802	0.05
868	830	0.04
868	932	0.02
868	957	0.01
869	501	0.01
869	538	0.03
869	687	0.03
869	764	0.10
869	776	0.10
869	780	0.07
869	861	0.01
869	924	0.09
870	500	0.03
870	524	0.05
870	611	0.06
870	613	0.06
870	660	0.09
870	733	0.07
870	769	0.03
870	823	0.03
870	934	0.07
871	622	0.05
871	757	0.02
871	813	0.03
871	870	0.01
871	987	0.09
872	961	0.08
873	563	0.07
873	700	0.10
873	978	0.10
874	527	0.09
874	687	0.05
874	693	0.05
874	698	0.08
874	733	0.01
874	893	0.05
874	947	0.05
875	577	0.05
875	619	0.01
875	650	0.01
875	851	0.04
875	856	0.04
875	921	0.05
875	923	0.05
875	982	0.04
875	992	0.06
876	502	0.05
876	561	0.04
876	646	0.07
876	647	0.04
876	651	0.06
876	682	0.01
876	717	0.03
876	786	0.01
876	801	0.05
876	859	0.00
876	870	0.08
877	720	0.09
877	762	0.01
878	769	0.01
878	917	0.02
878	946	0.03
878	959	0.05
879	722	0.04
880	810	0.01
880	990	0.07
881	595	0.02
881	693	0.09
881	750	0.06
881	861	0.00
882	500	0.08
882	568	0.08
882	695	0.04
882	762	0.04
882	938	0.10
882	949	0.02
883	776	0.05
884	505	0.01
884	663	0.01
885	527	0.03
885	540	0.04
885	561	0.08
885	575	0.06
885	686	0.05
885	798	0.03
885	894	0.04
885	912	0.01
885	964	0.03
885	985	0.07
886	729	0.07
886	882	0.08
886	904	0.00
886	926	0.10
886	997	0.01
887	603	0.02
887	851	0.08
887	904	0.07
887	913	0.05
888	543	0.05
888	573	0.01
888	862	0.03
889	534	0.08
889	555	0.07
889	582	0.08
889	725	0.03
889	896	0.08
890	510	0.01
890	560	0.05
890	612	0.07
890	623	0.02
890	654	0.05
890	712	0.07
890	851	0.06
890	881	0.03
890	957	0.07
891	683	0.03
891	723	0.02
891	828	0.06
891	858	0.09
891	962	0.09
891	987	0.03
892	567	0.01
892	650	0.05
892	988	0.02
893	585	0.03
893	629	0.09
893	834	0.02
893	866	0.05
893	904	0.06
894	506	0.07
894	651	0.00
894	766	0.09
894	775	0.10
894	832	0.05
894	952	0.03
895	764	0.06
895	825	0.07
895	978	0.07
897	510	0.08
897	674	0.06
897	694	0.09
898	649	0.02
898	805	0.10
898	816	0.02
898	877	0.09
898	894	0.09
899	501	0.10
899	555	0.01
899	608	0.08
899	705	0.09
899	727	0.01
899	796	0.05
899	867	0.04
900	544	0.08
900	566	0.06
900	579	0.02
900	659	0.01
900	766	0.06
900	777	0.02
900	791	0.05
900	822	0.09
900	859	0.02
900	911	0.02
900	999	0.01
901	637	0.05
901	720	0.09
902	560	0.10
902	590	0.06
902	613	0.05
902	734	0.02
902	823	0.07
902	833	0.04
902	847	0.04
902	866	0.00
903	641	0.06
904	539	0.10
904	646	0.00
904	713	0.08
904	864	0.08
905	584	0.04
905	667	0.07
905	724	0.03
905	814	0.08
905	887	0.01
906	547	0.03
906	663	0.08
906	736	0.03
906	738	0.07
906	984	0.08
907	523	0.05
907	540	0.01
907	631	0.02
907	677	0.06
907	710	0.09
907	730	0.07
907	809	0.06
907	875	0.00
907	940	0.04
908	718	0.09
908	810	0.09
908	820	0.04
908	914	0.04
908	945	0.07
909	560	0.08
909	653	0.08
909	746	0.06
909	748	0.03
909	791	0.01
909	906	0.02
909	911	0.01
909	914	0.06
909	916	0.04
909	960	0.03
910	538	0.09
910	553	0.03
910	568	0.03
910	651	0.07
910	789	0.09
910	877	0.09
910	951	0.03
911	536	0.01
911	630	0.05
911	631	0.04
911	632	0.01
911	655	0.05
911	910	0.08
911	933	0.02
912	632	0.03
912	659	0.03
912	807	0.06
912	877	0.10
912	919	0.02
913	514	0.06
913	604	0.09
913	714	0.10
913	835	0.03
913	926	0.09
914	546	0.09
914	621	0.10
914	693	0.03
914	991	0.01
915	543	0.01
915	601	0.07
915	660	0.02
915	740	0.02
915	839	0.10
916	501	0.04
916	546	0.04
916	607	0.07
916	614	0.04
916	697	0.06
916	720	0.07
916	893	0.03
916	903	0.03
916	998	0.09
917	586	0.03
917	864	0.10
918	541	0.04
918	687	0.02
918	702	0.07
918	767	0.10
918	836	0.04
918	942	0.03
918	951	0.08
918	986	0.06
919	612	0.05
919	702	0.10
919	730	0.01
919	810	0.08
920	654	0.08
920	769	0.09
920	879	0.01
920	911	0.05
920	934	0.08
921	660	0.02
921	667	0.01
921	697	0.10
921	795	0.05
921	992	0.00
922	709	0.07
923	519	0.01
923	567	0.07
923	745	0.06
923	818	0.09
923	886	0.07
923	970	0.04
924	610	0.08
924	843	0.02
925	717	0.10
925	755	0.07
925	911	0.06
925	979	0.04
926	545	0.02
926	668	0.01
926	848	0.02
926	875	0.01
926	882	0.07
927	808	0.01
928	521	0.07
928	565	0.08
928	574	0.04
928	659	0.07
928	809	0.00
928	817	0.08
928	875	0.04
928	911	0.02
928	945	0.02
928	949	0.05
928	960	0.01
928	992	0.01
929	551	0.04
929	634	0.02
929	803	0.09
929	853	0.08
930	592	0.01
930	897	0.05
931	567	0.05
931	568	0.10
931	601	0.10
931	635	0.01
931	671	0.05
931	733	0.03
931	794	0.04
931	835	0.07
931	862	0.09
932	547	0.07
932	673	0.00
932	796	0.05
932	862	0.03
932	949	0.04
933	526	0.08
933	629	0.10
933	756	0.04
934	542	0.04
934	639	0.05
934	734	0.00
934	920	0.06
935	562	0.07
935	712	0.10
935	806	0.09
935	873	0.00
936	586	0.09
936	643	0.03
936	730	0.08
937	587	0.09
937	639	0.02
937	683	0.04
937	774	0.04
937	783	0.03
937	941	0.05
938	586	0.00
938	658	0.04
938	894	0.08
938	916	0.01
938	991	0.03
939	522	0.08
939	547	0.01
939	556	0.05
939	570	0.05
939	574	0.01
939	644	0.01
939	745	0.05
939	880	0.06
939	955	0.02
940	644	0.09
940	740	0.05
940	836	0.01
940	891	0.00
940	991	0.09
941	689	0.08
941	894	0.01
942	511	0.06
942	512	0.03
942	708	0.06
942	848	0.05
942	849	0.06
942	901	0.06
942	937	0.05
942	963	0.08
943	539	0.08
943	609	0.00
943	628	0.09
943	681	0.06
943	684	0.02
943	743	0.06
943	772	0.08
943	941	0.03
944	608	0.08
944	641	0.01
944	677	0.08
944	802	0.01
944	818	0.07
944	878	0.04
944	890	0.09
945	661	0.08
945	733	0.07
945	975	0.08
946	510	0.02
946	527	0.04
946	657	0.08
946	718	0.06
946	769	0.04
946	841	0.08
947	627	0.09
947	639	0.02
947	691	0.06
947	761	0.01
947	786	0.06
947	864	0.09
947	893	0.01
947	900	0.06
948	505	0.08
948	525	0.08
948	636	0.02
948	674	0.06
948	707	0.07
948	798	0.04
949	574	0.10
949	578	0.08
949	899	0.06
950	573	0.07
950	808	0.04
950	941	0.01
951	546	0.08
951	558	0.00
951	561	0.02
952	510	0.09
952	774	0.02
952	792	0.07
953	554	0.00
953	781	0.08
953	827	0.01
953	852	0.00
953	928	0.02
954	536	0.08
954	633	0.10
954	685	0.03
954	703	0.06
954	824	0.00
954	924	0.08
954	934	0.09
955	535	0.07
955	617	0.09
955	682	0.03
955	706	0.09
955	930	0.10
956	553	0.06
956	592	0.08
956	684	0.05
956	718	0.06
956	822	0.08
956	845	0.10
956	957	0.06
957	502	0.01
957	655	0.02
957	699	0.09
957	716	0.01
957	921	0.07
958	633	0.03
958	686	0.03
958	695	0.01
958	701	0.03
958	889	0.02
959	536	0.08
959	540	0.09
959	615	0.09
959	664	0.09
959	975	0.01
960	555	0.01
960	698	0.01
961	552	0.02
961	603	0.04
961	739	0.00
961	791	0.10
961	875	0.06
961	971	0.04
961	976	0.08
962	511	0.06
962	562	0.02
962	612	0.02
962	627	0.07
962	668	0.10
962	726	0.10
962	804	0.09
962	828	0.00
962	922	0.04
963	532	0.09
963	828	0.09
963	884	0.08
963	895	0.04
963	974	0.04
964	519	0.06
964	581	0.02
964	603	0.01
964	639	0.05
964	691	0.07
964	789	0.08
964	922	0.02
966	523	0.08
966	547	0.04
966	584	0.09
966	624	0.08
966	722	0.08
966	901	0.10
966	930	0.07
966	933	0.05
966	942	0.02
967	621	0.10
967	629	0.07
967	781	0.06
967	820	0.06
967	824	0.04
967	872	0.08
967	961	0.05
968	500	0.03
968	693	0.02
968	704	0.08
968	709	0.06
968	749	0.07
969	507	0.07
969	557	0.01
969	897	0.00
970	758	0.06
970	898	0.03
970	920	0.09
970	958	0.05
970	993	0.05
971	608	0.01
971	623	0.03
971	756	0.00
971	851	0.04
972	513	0.10
972	647	0.04
972	701	0.04
972	738	0.07
972	785	0.02
972	919	0.04
973	500	0.06
973	755	0.03
973	932	0.05
974	606	0.10
974	800	0.09
974	881	0.07
975	502	0.05
975	603	0.07
975	799	0.07
975	946	0.04
976	549	0.06
976	572	0.05
976	680	0.03
976	725	0.05
976	901	0.10
976	914	0.10
976	915	0.02
977	529	0.00
977	824	0.03
977	831	0.04
978	567	0.05
978	665	0.00
978	789	0.00
978	812	0.07
978	887	0.04
978	924	0.09
978	988	0.02
979	596	0.09
979	674	0.01
979	801	0.08
979	863	0.08
979	898	0.01
979	967	0.10
980	660	0.06
980	879	0.02
980	972	0.03
980	990	0.05
981	519	0.01
981	561	0.01
981	816	0.05
982	659	0.04
982	669	0.00
982	704	0.07
982	719	0.03
982	732	0.01
982	739	0.06
982	802	0.09
982	929	0.07
983	706	0.04
983	742	0.07
983	771	0.03
983	780	0.02
983	818	0.08
983	835	0.06
983	914	0.02
983	970	0.07
984	567	0.06
984	772	0.04
984	937	0.04
985	613	0.08
985	676	0.08
985	718	0.09
985	866	0.03
986	512	0.09
986	584	0.04
986	746	0.08
986	751	0.02
986	922	0.01
987	944	0.03
988	906	0.04
988	984	0.01
988	991	0.09
989	522	0.01
989	597	0.04
989	887	0.10
989	995	0.09
990	683	0.00
990	686	0.05
990	687	0.08
990	984	0.04
991	692	0.01
991	804	0.08
991	872	0.09
991	875	0.08
991	930	0.05
992	621	0.03
992	639	0.01
992	744	0.04
992	777	0.09
993	503	0.01
993	524	0.07
993	588	0.09
993	807	0.07
993	852	0.05
993	881	0.09
993	937	0.07
993	997	0.07
994	545	0.03
994	789	0.03
994	945	0.10
995	515	0.02
995	578	0.02
995	687	0.03
995	846	0.00
996	550	0.01
996	692	0.00
997	581	0.05
997	616	0.05
997	674	0.05
997	904	0.04
997	922	0.08
998	534	0.06
998	611	0.02
998	862	0.07
998	922	0.04
999	539	0.02
999	583	0.07
999	657	0.01
999	761	0.04
999	971	0.00
