0	72	1.0
0	44	1.0
0	93	1.0
0	22	1.0
0	95	1.0
1	2	1.0
1	70	1.0
1	39	1.0
1	73	1.0
1	27	1.0
1	12	1.0
1	46	1.0
2	64	1.0
2	34	1.0
2	4	1.0
2	68	1.0
2	15	1.0
2	55	1.0
2	36	1.0
2	27	1.0
2	28	1.0
2	30	1.0
2	63	1.0
3	68	1.0
3	18	1.0
3	52	1.0
3	98	1.0
3	86	1.0
3	55	1.0
3	25	1.0
3	74	1.0
3	12	1.0
3	77	1.0
4	67	1.0
4	68	1.0
4	22	1.0
4	43	1.0
4	46	1.0
5	48	0.01
5	17	0.01
5	34	0.01
5	57	0.01
5	58	0.01
5	12	0.01
5	45	0.01
6	24	0.01
6	9	0.01
6	51	0.01
6	77	0.01
7	56	0.01
7	8	0.01
7	89	0.01
7	42	0.01
7	13	0.01
7	94	0.01
8	16	0.01
8	18	0.01
8	52	0.01
8	69	0.01
8	72	0.01
8	26	0.01
8	11	0.01
8	90	0.01
8	93	0.01
9	97	0.01
9	68	0.01
9	40	0.01
9	42	0.01
9	43	0.01
9	47	0.01
9	89	0.01
9	23	0.01
9	57	0.01
9	91	0.01
9	93	0.01
9	95	0.01
10	99	0.01
10	82	0.01
10	35	0.01
10	21	0.01
10	89	0.01
10	24	0.01
10	83	0.01
10	26	0.01
10	11	0.01
10	37	0.01
11	33	0.01
11	66	0.01
12	65	0.01
12	48	0.01
12	40	0.01
12	15	0.01
12	16	0.01
12	21	0.01
12	87	0.01
12	88	0.01
12	25	0.01
12	26	0.01
12	28	0.01
12	58	0.01
12	94	0.01
13	50	0.01
13	68	0.01
13	39	0.01
13	56	0.01
13	26	0.01
13	77	0.01
13	62	0.01
13	93	0.01
14	64	0.01
14	34	0.01
14	27	0.01
14	20	0.01
14	21	0.01
15	83	0.01
15	52	0.01
15	87	0.01
15	95	0.01
15	63	0.01
15	79	0.01
16	56	0.01
16	36	0.01
16	55	0.01
16	58	0.01
16	77	0.01
16	46	0.01
17	80	0.01
17	67	0.01
17	70	0.01
17	39	0.01
17	42	0.01
17	44	0.01
17	46	0.01
17	53	0.01
18	48	0.01
18	33	0.01
18	66	0.01
18	20	0.01
18	85	0.01
18	23	0.01
18	64	0.01
18	59	0.01
18	95	0.01
19	80	0.01
19	81	0.01
19	66	0.01
19	51	0.01
19	68	0.01
19	40	0.01
19	74	0.01
19	27	0.01
19	76	0.01
19	29	0.01
20	67	0.01
20	62	0.01
20	23	0.01
20	56	0.01
20	73	0.01
20	47	0.01
21	33	0.01
21	99	0.01
21	68	0.01
21	62	0.01
21	55	0.01
21	24	0.01
21	73	0.01
22	66	0.01
22	67	0.01
22	36	0.01
22	54	0.01
22	71	0.01
22	75	0.01
22	76	0.01
22	98	0.01
23	49	0.01
23	53	0.01
23	29	0.01
24	94	0.01
24	46	0.01
24	83	0.01
24	84	0.01
24	55	0.01
24	88	0.01
24	31	0.01
24	62	0.01
24	53	0.01
25	97	0.01
25	68	0.01
25	70	0.01
25	71	0.01
25	91	0.01
25	60	0.01
25	77	0.01
26	32	0.01
26	49	0.01
26	83	0.01
26	69	0.01
26	44	0.01
26	93	0.01
27	48	0.01
27	36	0.01
27	90	0.01
27	93	0.01
28	36	0.01
28	59	0.01
29	66	0.01
29	85	0.01
29	86	0.01
29	73	0.01
29	79	0.01
30	83	0.01
30	57	0.01
30	74	0.01
30	31	0.01
30	47	0.01
31	41	0.01
31	63	0.01
31	55	0.01
32	64	0.01
32	49	0.01
32	36	0.01
32	53	0.01
32	72	0.01
32	76	0.01
32	44	0.01
32	61	0.01
32	93	0.01
33	80	0.01
33	96	0.01
33	36	0.01
33	55	0.01
33	88	0.01
33	44	0.01
34	36	0.01
34	63	0.01
35	88	0.01
35	86	0.01
35	71	0.01
35	72	0.01
35	73	0.01
35	93	0.01
35	89	0.01
36	50	0.01
36	49	0.01
36	47	0.01
37	48	0.01
37	83	0.01
38	49	0.01
38	66	0.01
38	90	0.01
38	85	0.01
39	50	0.01
39	52	0.01
39	98	0.01
39	41	0.01
39	95	0.01
40	67	0.01
40	90	0.01
40	60	0.01
41	65	0.01
41	51	0.01
41	57	0.01
41	79	0.01
42	84	0.01
42	54	0.01
42	56	0.01
42	74	0.01
42	60	0.01
42	62	0.01
42	81	0.01
43	50	0.01
43	67	0.01
43	74	0.01
43	63	0.01
44	66	0.01
44	49	0.01
44	77	0.01
44	80	0.01
44	55	0.01
44	57	0.01
44	58	0.01
45	89	0.01
45	99	0.01
45	68	0.01
46	70	0.01
46	73	0.01
46	59	0.01
46	47	0.01
47	94	0.01
47	52	0.01
47	77	0.01
48	68	0.01
48	96	0.01
48	52	0.01
48	86	0.01
48	60	0.01
48	94	0.01
49	99	0.01
49	55	0.01
49	78	0.01
50	66	0.01
50	86	0.01
50	87	0.01
50	63	0.01
51	72	0.01
51	86	0.01
51	56	0.01
51	76	0.01
51	62	0.01
52	56	0.01
52	73	0.01
52	92	0.01
53	76	0.01
53	93	0.01
53	95	0.01
54	88	0.01
54	94	0.01
55	68	0.01
55	73	0.01
55	77	0.01
55	84	0.01
55	57	0.01
55	61	0.01
56	65	0.01
56	68	0.01
56	70	0.01
56	78	0.01
56	85	0.01
56	94	0.01
57	95	0.01
57	91	0.01
57	74	0.01
57	61	0.01
57	63	0.01
58	95	0.01
58	59	0.01
58	61	0.01
58	93	0.01
58	79	0.01
59	85	0.01
59	94	0.01
59	93	0.01
60	66	0.01
60	69	0.01
61	99	0.01
61	83	0.01
62	68	0.01
62	78	0.01
63	71	0.01
64	84	0.01
64	95	0.01
64	93	0.01
65	67	0.01
65	69	0.01
66	70	0.01
66	72	0.01
66	77	0.01
66	94	0.01
67	68	0.01
67	98	0.01
67	83	0.01
67	72	0.01
69	82	0.01
69	77	0.01
70	90	0.01
71	90	0.01
72	73	0.01
72	76	0.01
73	99	0.01
73	85	0.01
74	97	0.01
74	94	0.01
76	89	0.01
76	80	0.01
76	86	0.01
76	99	0.01
77	81	0.01
77	89	0.01
79	85	0.01
80	86	0.01
80	91	0.01
82	96	0.01
82	99	0.01
84	96	0.01
85	99	0.01
85	90	0.01
89	94	0.01
89	93	0.01
90	98	0.01
91	98	0.01
91	93	0.01
93	99	0.01
94	96	0.01
95	98	0.01
