0	440
0	2
0	579
0	1300
0	189
0	756
0	59
0	3101
0	22
0	307
0	880
0	160
0	3295
0	123
0	3424
0	1639
0	1685
0	1290
0	125
0	2132
0	404
0	287
0	251
0	864
1	8
1	1751
2	2133
2	3
2	225
2	928
2	3321
2	1207
2	172
2	2046
2	2757
2	2758
4	3160
4	1821
4	1225
4	5
4	2423
4	403
4	2533
5	403
5	57
6	199
6	1
6	5
6	3347
6	7
6	8
6	828
6	1432
6	3083
6	771
6	347
6	403
6	113
7	8
8	214
8	2745
9	10
9	11
10	90
10	178
10	2
10	475
10	0
10	241
10	1389
10	225
10	1722
10	11
10	186
10	784
10	640
10	60
10	488
10	22
10	1179
10	444
10	2910
10	306
10	387
10	713
10	880
10	118
10	2088
10	538
10	204
10	1025
10	165
10	243
10	2956
10	237
10	404
10	160
11	91
11	713
11	95
11	96
11	241
11	225
11	1635
11	1290
11	662
11	2882
11	237
11	2996
11	60
11	320
11	22
11	153
11	562
13	55
13	14
13	15
13	600
14	958
14	404
14	72
14	2528
14	3488
14	294
14	189
14	397
14	15
14	1232
14	452
14	287
14	723
15	452
15	3041
15	2422
16	749
16	3443
16	1908
16	291
16	72
16	3536
16	223
16	396
16	3490
16	3064
16	17
16	20
16	1810
17	16
18	940
18	1360
18	1170
18	2138
18	372
18	665
18	526
18	557
18	20
18	19
18	1094
18	3811
18	3812
18	1574
19	20
20	1170
20	665
20	372
20	72
21	870
21	1290
21	225
21	1298
21	11
21	1591
21	425
21	22
21	958
21	880
21	3605
21	160
21	828
21	36
21	3354
21	404
21	1160
21	1933
22	1036
22	1861
22	744
22	241
22	252
23	89
23	444
23	237
23	479
23	1526
23	307
23	3186
23	850
23	24
23	25
23	2360
23	940
23	109
23	2174
23	241
23	59
23	2941
23	1408
23	481
23	3302
24	3033
24	900
24	25
26	2618
26	125
26	2560
26	152
26	251
27	176
27	3352
27	3821
27	1752
27	1559
27	227
27	3311
27	1834
27	1089
27	1341
27	1837
27	711
27	712
27	28
27	29
27	30
27	3851
27	3822
27	2831
27	2923
27	721
27	722
27	285
27	3910
28	711
28	712
28	791
28	27
28	29
28	30
28	1756
28	176
28	1559
28	3251
28	721
28	3776
29	176
29	669
29	1251
29	27
29	3669
29	30
29	1308
30	1075
30	1076
30	1140
30	1978
31	2650
31	1007
31	625
31	1764
31	32
31	815
31	213
31	579
31	3418
32	1125
32	706
32	31
32	213
32	127
32	3515
33	2011
33	3296
34	35
35	138
35	3900
35	1137
36	387
36	389
36	160
36	2135
36	1298
36	1257
36	451
36	60
36	107
36	1030
36	11
36	1573
36	2627
36	2746
37	1362
37	38
37	39
37	40
37	1086
37	1087
37	1088
38	485
38	39
38	40
39	1055
39	485
39	40
41	3795
41	3824
41	3739
41	42
41	874
41	2745
41	3738
41	158
42	3178
42	3085
42	3267
42	3190
42	3176
42	3177
43	1333
43	2115
43	3945
43	2046
43	2357
43	778
43	121
43	44
43	464
43	2293
43	2057
43	892
43	1057
43	2134
43	64
43	65
43	66
44	778
44	121
45	1949
45	143
45	46
46	453
46	1804
46	1805
46	653
47	967
47	502
47	3
47	2202
47	2157
47	3245
47	418
47	2267
47	2633
47	2634
47	14
47	15
47	981
47	3594
47	1555
47	233
47	766
47	2866
47	2358
47	1253
47	1248
47	521
47	3143
47	516
47	517
47	518
47	520
47	1343
47	1157
47	522
47	358
47	317
47	2187
47	757
47	1469
47	650
48	2881
48	1806
48	3072
48	3237
48	49
48	2678
48	2679
48	2680
48	789
49	1583
49	2104
49	3690
49	2062
49	1864
49	31
49	2098
49	1612
49	1613
49	330
49	2158
49	732
49	341
49	2704
49	2705
49	2534
50	1947
50	410
50	3350
50	468
50	1533
50	3680
50	2885
50	185
50	3489
51	865
51	866
51	1535
51	52
51	3440
51	2178
51	757
51	3227
51	1344
51	1967
51	1706
52	2691
52	2338
52	302
52	1706
53	1244
53	4
53	778
53	779
53	122
53	54
53	423
53	144
53	1288
53	3841
53	1757
53	673
53	384
54	865
54	1359
54	2418
54	82
54	2158
54	1478
54	76
54	3750
54	1285
54	3894
54	1173
54	663
54	399
54	283
54	406
55	2911
55	2592
55	1034
55	973
55	1704
55	1225
55	2621
55	2311
55	341
55	65
55	562
55	307
55	713
55	457
55	1261
55	56
55	2751
55	1320
55	241
55	397
55	1324
55	1506
55	361
55	2091
55	87
55	251
55	252
57	1493
57	3083
58	2636
58	59
58	3829
58	828
58	100
59	1859
59	237
60	894
60	22
60	1859
60	1290
60	2973
60	1225
60	241
60	225
60	251
60	662
61	1056
61	15
61	774
61	1452
61	62
61	470
61	1432
61	740
63	3391
63	168
63	83
63	84
63	322
64	65
64	66
65	1207
65	2528
65	66
66	241
66	156
67	68
69	395
69	367
69	1631
69	70
69	2798
69	723
71	175
71	176
71	1631
71	238
71	386
71	72
71	100
71	9
71	53
71	1257
71	58
71	318
71	498
71	499
71	500
71	406
71	174
73	3404
73	1244
73	367
73	3615
73	3983
73	223
73	292
73	551
73	2550
73	2135
73	1432
73	2496
73	189
73	2499
73	2500
73	3629
73	3630
73	957
73	2794
73	2813
73	74
73	3008
73	3952
73	3936
73	170
73	1751
73	2335
73	2985
73	2814
73	3612
75	142
75	292
75	2798
75	76
75	77
75	2482
75	1558
76	385
76	403
76	77
76	1353
78	2407
78	102
78	639
78	1496
78	357
78	79
78	1392
78	335
78	246
78	215
78	217
78	1477
79	214
80	647
80	401
80	81
80	420
81	2006
81	3111
81	2622
81	40
81	3228
81	168
81	3359
81	39
81	485
81	401
81	149
81	420
81	44
82	2418
82	1359
82	1173
82	389
82	1209
82	2158
83	84
84	1891
85	2505
85	86
85	2348
85	992
86	1061
87	3303
87	2136
87	3349
87	3182
87	604
87	51
87	56
87	680
87	757
87	1303
87	1342
87	1344
87	1967
87	3732
87	1839
87	389
87	157
87	102
87	3338
87	3339
87	885
87	77
87	1423
87	3665
87	358
87	2321
87	2184
87	725
88	89
88	3198
88	900
88	1260
89	491
89	440
89	473
89	900
89	1762
89	838
89	166
89	1891
89	2313
89	3417
89	1685
90	341
90	2171
90	91
90	1127
90	2614
90	224
90	929
90	118
90	178
90	3581
90	2593
90	2864
90	1955
90	22
90	3828
90	620
91	60
91	294
91	241
91	153
92	440
92	93
92	94
92	2991
92	138
92	805
92	2971
92	35
92	481
92	741
92	1137
92	3014
93	94
94	481
94	440
94	455
94	720
94	138
94	32
94	183
94	163
94	35
95	96
96	2796
96	3855
96	95
97	2569
98	1776
98	3068
98	223
98	1195
98	99
98	100
98	3084
98	188
98	16
98	953
98	299
98	341
98	151
98	744
98	3901
98	285
98	1015
98	818
98	819
98	2202
98	457
98	3786
98	1095
98	2370
98	799
98	169
98	211
98	468
98	1104
98	1105
99	1776
99	3068
99	1195
99	223
99	172
99	3147
99	100
100	3147
101	102
101	1284
101	2188
101	3099
101	3112
102	316
102	523
102	358
102	2050
102	1951
102	148
102	126
102	313
102	2049
103	653
103	121
103	736
103	104
103	312
103	235
103	2167
104	2048
104	3315
104	1968
104	540
104	2437
104	1090
104	1186
104	3436
104	539
104	356
105	312
105	121
105	44
105	2833
105	679
105	755
105	103
105	232
105	107
105	106
105	108
106	711
106	755
106	845
106	400
106	232
106	107
106	108
106	2828
106	3246
107	60
107	5
107	108
107	403
107	86
109	1883
109	958
109	1
109	2
109	1223
109	118
109	90
109	6
109	1127
109	8
109	141
109	36
109	2614
109	2312
109	237
109	2941
109	2942
109	1408
109	1107
110	223
110	777
110	1085
110	974
110	339
110	930
110	1989
110	1252
110	338
110	984
110	111
110	112
110	113
110	712
110	201
110	3394
110	157
110	2665
110	2409
110	163
110	800
110	801
110	803
110	832
110	120
110	1685
110	1193
111	464
111	1549
111	25
111	2570
111	171
111	96
111	885
111	152
111	112
111	113
112	96
112	95
112	134
112	152
112	113
113	502
113	3013
113	2260
113	310
113	805
113	3012
113	311
113	171
113	152
113	34
114	1138
114	1017
114	457
114	59
114	456
114	403
114	185
114	490
115	584
116	1092
116	307
116	22
116	117
116	1261
116	290
116	164
116	55
116	397
116	2835
116	21
116	1704
116	522
116	2059
116	252
117	828
117	3235
117	139
117	241
117	21
117	11
118	91
118	172
118	2
118	1859
118	1223
118	60
118	22
118	2133
118	2135
119	440
119	120
119	680
120	440
120	680
120	110
121	312
122	1207
122	2046
123	1497
123	652
127	1186
127	2220
128	679
128	1834
128	867
128	129
128	2155
129	200
129	2155
129	2375
129	1257
129	229
130	719
130	2156
130	311
130	183
130	171
130	354
130	2009
130	131
131	390
132	1130
132	767
132	244
132	245
132	2858
132	133
132	1776
132	212
132	269
132	187
132	1129
133	733
133	1013
134	2
134	95
134	96
134	2349
134	3988
134	2593
134	1705
134	1859
134	118
134	2319
134	206
134	41
134	648
134	287
134	2757
134	2758
134	2729
134	135
134	1725
134	3029
134	1998
134	1173
134	3313
134	1207
134	152
134	65
134	562
134	2133
134	3006
134	519
134	3833
134	2636
134	2957
134	82
134	172
134	3758
134	2860
136	971
137	440
137	92
137	94
137	181
137	138
137	481
137	2970
137	2971
137	2991
137	1137
137	239
137	385
137	2086
137	659
137	35
137	805
137	468
137	3014
140	912
140	255
140	832
140	134
140	8
140	112
140	322
141	140
141	2
142	3784
142	118
142	292
142	50
142	75
142	1025
142	1558
142	143
142	2496
142	224
142	2482
143	3303
143	2411
143	2030
143	3631
143	1509
143	3632
143	2840
143	2725
144	10
144	145
144	146
144	147
144	384
145	146
145	147
146	147
147	2396
149	486
149	454
149	712
149	485
150	1163
150	626
150	3908
150	234
150	151
150	3719
150	154
151	874
151	362
151	2486
151	626
151	769
151	361
151	984
151	3810
151	488
151	341
151	1918
151	153
152	3807
152	635
152	557
152	461
152	648
152	183
152	1590
152	407
153	984
153	870
153	713
153	252
154	1163
154	234
154	105
155	102
155	3294
155	523
155	78
155	3354
155	126
155	313
155	1297
155	1062
157	1333
157	542
157	158
157	159
157	777
157	778
157	779
157	928
157	929
157	1069
157	191
157	380
157	193
157	2334
157	618
157	3395
157	1685
158	159
158	640
158	463
159	929
160	838
160	68
160	451
160	2810
160	60
160	3635
160	8
160	11
161	440
161	2180
161	3892
161	94
162	1785
162	750
162	94
162	550
162	1171
162	609
162	1654
162	2313
162	1271
162	3034
162	490
162	491
162	455
162	1308
162	634
162	2524
162	239
162	2506
162	163
162	889
162	3982
162	359
162	526
162	2026
162	3717
163	2316
163	369
163	380
164	366
164	0
164	958
164	404
164	95
164	3572
164	225
164	1814
164	2510
164	1442
164	21
164	22
164	287
164	2940
164	1179
164	2345
165	440
165	1722
165	3239
165	3240
165	749
165	225
165	183
165	928
165	1681
165	1568
165	229
165	3897
165	1071
165	2901
165	2
165	3133
165	3135
165	238
165	1920
165	1092
165	1631
165	1260
165	792
165	793
165	2751
165	2174
165	1022
165	166
165	22
165	3425
165	3346
165	2677
165	772
165	365
166	2330
167	2124
167	203
167	371
167	2777
167	420
167	168
167	80
167	81
167	3188
167	647
167	3808
167	707
168	469
169	188
169	3236
169	1195
170	1549
170	1127
170	292
170	183
170	3427
170	189
170	2059
170	231
170	111
170	25
170	113
170	405
170	2794
170	389
170	390
170	119
170	120
170	885
170	166
170	152
170	1500
170	2260
170	171
170	2335
170	2813
170	2814
170	2485
172	91
172	4
172	1151
172	870
172	1764
172	2312
172	2313
172	5
172	2133
172	2046
172	65
173	173
174	175
174	176
174	1349
174	652
174	881
174	102
174	1880
174	1800
174	334
174	2843
174	1292
174	2755
174	1072
174	2437
175	176
175	238
176	27
177	524
177	178
177	179
177	411
177	542
177	158
177	1202
177	237
177	463
178	1722
178	713
178	179
178	880
178	1440
178	223
178	1225
178	225
179	2509
179	713
179	1232
179	1724
179	300
179	301
180	440
180	92
180	94
180	181
180	137
180	494
180	828
180	2969
180	2970
180	2971
180	425
180	573
180	529
180	299
180	241
180	198
181	491
181	2970
181	2971
181	92
181	1578
181	89
181	828
182	1084
182	2156
182	1353
182	223
182	1788
182	183
182	773
182	2167
182	585
182	384
182	199
182	1823
182	155
182	389
182	390
182	310
182	76
182	3071
182	111
182	394
182	573
182	152
182	170
182	529
182	1977
182	113
182	3265
182	464
182	131
183	171
184	439
184	440
184	3269
184	720
184	134
184	94
184	548
184	183
184	1389
184	940
184	3573
184	2709
184	423
184	2893
184	1037
184	3447
184	490
184	1810
184	444
184	464
184	2322
184	1208
184	3453
184	161
184	113
184	34
184	3736
184	165
184	394
184	89
184	272
184	396
184	2379
184	3058
185	1235
185	1738
185	573
185	1353
185	468
185	1578
186	187
186	188
186	324
186	495
186	2370
186	2910
187	1775
187	188
187	1776
187	518
187	1967
187	289
188	2660
188	1666
188	3638
188	2370
188	1095
189	440
189	2339
189	3634
189	190
189	397
189	2957
189	1232
189	292
189	2059
189	22
189	287
190	2059
190	1549
191	22
191	744
192	193
192	157
192	191
193	157
193	191
194	355
195	57
195	1891
195	1958
195	196
195	197
196	1466
196	197
196	3971
198	1122
198	1123
198	2099
198	323
198	1373
198	183
198	2689
198	324
198	283
198	590
198	931
198	1667
198	1493
198	21
198	22
198	299
198	1876
198	1495
198	199
198	307
198	2156
198	638
198	352
198	353
198	2624
198	828
198	2476
198	394
198	6
198	1288
198	1301
198	639
198	543
198	544
198	2589
198	406
199	76
199	3393
199	1578
199	990
199	4
199	5
199	403
199	2218
199	870
199	3482
200	491
200	1687
200	229
203	3595
203	3241
203	1923
203	21
203	708
203	1160
203	11
204	1668
206	207
206	208
206	209
206	3740
206	574
206	575
206	453
206	235
207	208
207	209
208	1868
208	209
208	206
208	2632
209	1015
209	1608
209	1019
210	590
210	1876
210	1573
210	241
210	1288
210	54
210	36
210	294
210	1030
210	3243
210	2627
210	544
210	107
210	60
210	389
210	86
210	111
210	65
211	1363
211	932
211	1195
211	212
211	744
211	2370
212	3216
212	2660
212	212
212	2560
212	3638
212	277
213	214
214	1026
215	2480
215	2407
215	1477
215	2887
215	1496
215	354
215	357
215	1436
215	1882
215	130
215	1392
215	2179
215	78
215	216
215	217
215	2115
216	666
216	217
216	78
217	938
219	220
221	223
221	2991
221	409
221	1907
221	444
221	222
221	573
221	1151
221	1298
221	2969
221	2597
221	2598
221	92
221	425
221	1650
221	3986
221	299
221	1558
221	180
221	385
221	1092
221	181
221	2970
221	461
221	2971
221	1871
221	137
221	2636
221	398
221	2171
221	598
221	2957
221	3014
221	407
222	223
222	598
223	2162
223	1005
223	1549
223	283
223	3630
223	403
223	100
223	1395
223	625
223	3629
223	2161
224	292
224	1311
224	41
225	1225
225	22
225	251
225	662
226	338
227	3183
227	228
227	558
228	227
228	558
229	491
229	1681
229	1687
229	440
230	84
230	843
230	1625
230	231
231	171
232	108
233	1055
233	2863
233	418
233	3564
234	205
235	1429
235	1020
235	312
235	1623
235	277
235	208
235	2286
235	2168
235	1822
235	212
236	237
236	2594
236	3583
239	491
239	92
239	475
239	1578
239	240
239	1235
239	2524
239	468
239	2851
239	86
239	490
239	3314
241	237
241	1036
242	1785
242	688
242	1064
242	2198
242	827
244	245
244	2156
244	133
244	2996
245	133
247	248
247	249
247	108
248	249
248	108
250	79
250	67
250	534
250	214
250	1176
250	413
250	381
250	495
251	2973
251	925
251	241
251	2560
251	252
252	925
253	254
254	218
254	168
255	322
255	11
256	691
256	1518
256	33
256	467
256	294
257	258
257	259
257	260
258	1868
258	1517
258	2925
258	259
258	260
258	3148
259	260
261	2591
261	458
261	459
261	3197
261	223
261	3932
261	3551
261	262
261	123
261	2388
261	3199
261	652
263	2772
263	92
263	475
263	741
263	549
263	646
264	1830
264	424
264	265
264	995
264	2619
264	686
264	893
266	267
268	471
268	55
268	3857
268	1209
268	1164
268	2052
268	659
268	393
268	2055
268	3264
268	244
268	2700
268	269
268	2156
268	42
268	2865
268	2996
269	1130
269	211
269	212
269	42
269	1012
269	1013
272	440
272	1333
272	2322
272	1521
272	2527
272	2667
273	2314
273	1576
273	274
273	275
273	1650
273	606
273	607
273	608
273	609
274	2453
274	275
274	1650
274	606
274	607
274	608
274	609
274	2599
274	3360
274	2836
274	2270
274	3036
275	940
275	379
275	609
278	279
280	101
280	1083
280	804
280	2125
280	413
280	583
280	584
280	2232
280	718
281	3059
281	473
281	3
281	3138
281	31
281	1727
281	79
281	1988
281	282
281	214
281	250
281	2233
282	258
282	44
282	473
282	121
282	501
284	237
285	2113
285	286
285	287
285	1106
286	287
287	285
288	454
288	168
290	301
290	117
292	367
292	3629
292	223
292	1751
292	3630
292	2814
292	441
292	2135
292	1558
293	3676
293	664
293	84
293	63
293	83
293	3516
295	3156
296	41
296	3739
296	3824
296	297
296	3738
297	296
299	439
299	440
299	92
299	179
299	444
299	341
299	0
299	137
299	183
299	1389
299	419
299	420
299	481
299	263
299	3542
299	929
299	3032
299	300
299	301
299	271
299	1521
299	2113
299	2017
299	492
299	1705
299	2192
299	394
299	395
299	1158
299	741
299	125
299	2414
299	272
299	425
300	301
300	152
303	1577
303	3065
303	304
305	2418
305	306
305	1583
305	36
305	3328
305	126
305	1537
305	1297
306	1537
307	324
307	2
307	4
307	5
307	2654
307	2621
307	11
307	143
307	2313
307	1915
307	60
307	3131
307	22
307	1704
307	2750
307	241
307	3321
307	96
307	397
307	172
307	251
308	623
308	309
308	111
308	1174
309	472
309	308
310	464
310	1788
310	311
310	183
310	152
310	113
311	464
311	171
311	3012
311	183
311	152
311	113
312	891
313	1091
314	2616
314	270
314	1683
314	1233
314	849
314	850
314	315
314	470
317	3928
317	451
317	78
318	90
318	958
318	3640
318	2285
318	658
318	224
318	406
318	3880
318	118
318	3881
318	1631
318	319
318	1257
321	2884
322	832
322	628
322	844
322	8
322	3268
323	324
323	2654
323	2179
323	202
323	283
323	2945
323	495
323	307
323	186
324	283
324	2654
324	495
324	202
325	885
325	326
325	1550
325	224
325	3695
325	3696
325	3305
325	111
325	25
325	166
325	461
325	2174
325	241
325	1311
325	1403
325	1500
325	3699
325	170
325	3427
325	3770
325	2335
325	405
325	321
325	407
326	3478
326	325
326	94
327	3291
327	1929
327	1467
327	328
327	351
327	2553
328	1467
329	85
330	0
330	1063
330	443
330	2104
330	1127
330	3844
330	8
330	448
330	331
330	332
330	333
330	1232
330	179
330	61
330	341
330	1092
330	62
330	1207
330	3574
330	2750
330	2534
330	450
330	2285
330	740
330	3424
330	170
330	3483
330	2704
330	2705
330	2
331	2030
331	446
331	839
331	927
331	1999
331	332
331	333
331	911
331	358
331	3626
331	3582
331	1647
332	333
333	61
333	62
333	443
333	231
335	1097
336	337
337	1218
337	3628
337	1514
337	2060
338	1650
338	1332
338	1311
338	2195
338	582
338	559
338	1252
338	18
338	339
338	340
338	1203
338	385
338	345
338	940
338	2476
338	526
338	3398
338	2483
339	345
339	1252
339	3398
339	559
339	582
339	340
339	805
339	526
339	2476
341	1675
341	3846
341	179
341	681
341	1195
341	211
341	2704
341	2705
341	620
342	370
342	1639
342	343
343	1639
343	342
344	1569
344	1209
344	659
344	1633
344	1159
344	955
345	1568
345	1863
345	1185
345	3351
345	284
345	66
345	3507
345	25
345	2476
346	199
346	3586
346	2156
346	352
346	2099
346	828
346	406
346	931
346	2961
346	543
346	1301
346	183
346	2703
346	6
346	2689
346	198
347	283
347	8
347	348
347	349
347	350
348	347
348	349
348	350
349	350
350	283
350	347
351	328
352	183
353	590
353	2156
353	210
353	544
353	352
353	354
353	2528
353	130
354	719
354	817
354	442
354	2965
354	130
354	1164
354	2887
354	352
354	2009
354	3325
355	910
355	2617
355	1370
355	2380
355	194
355	538
355	356
355	2513
356	1186
357	991
357	3137
357	1477
357	814
357	2480
357	2407
358	1055
358	2143
358	306
358	757
358	3011
358	446
358	927
359	177
359	651
359	1065
359	49
359	3716
359	604
359	2224
359	1954
359	442
359	867
359	332
359	441
359	3827
359	3034
359	2563
359	1575
359	157
359	962
359	1423
359	889
359	3715
359	303
359	542
359	2334
359	87
359	3717
359	2184
360	1257
360	1036
360	1861
360	5
360	6
360	8
360	2685
360	76
360	771
360	1443
360	403
360	172
360	196
360	632
361	362
363	532
363	533
363	534
363	1626
363	1294
363	408
363	364
363	469
364	381
365	793
365	1568
365	1022
365	1023
365	311
367	2852
368	1578
368	369
369	1527
371	647
371	2620
371	1969
373	1070
373	3856
373	850
373	374
375	750
375	1584
375	1246
375	951
375	641
375	376
375	663
375	400
375	3723
375	849
377	2135
377	713
377	1859
377	82
377	118
377	5
377	3445
377	1635
377	4
377	378
377	3374
377	545
377	2558
377	60
377	3912
377	658
377	153
378	5
380	1560
380	929
380	157
380	411
380	477
380	778
380	449
380	667
380	594
380	1990
380	1991
380	269
380	802
380	618
380	2319
380	2320
380	1685
380	803
381	214
383	1411
383	179
383	1461
383	586
383	2139
383	2140
383	2141
383	984
383	424
383	379
383	3131
383	1606
383	107
383	357
383	152
383	113
383	234
383	1207
383	1477
383	2565
383	2366
383	390
383	205
383	1882
383	964
383	2726
383	542
383	2480
384	385
384	1532
384	1907
384	573
384	182
384	3965
384	1353
384	76
384	2495
384	394
384	223
384	3265
384	1975
384	1491
385	894
385	3530
385	2312
385	92
385	573
385	60
385	870
385	662
385	403
385	928
386	175
386	1034
386	389
386	238
386	2053
386	701
386	2686
386	9
386	165
386	55
386	87
386	153
386	3578
386	500
386	65
387	2048
387	1712
387	388
387	475
387	41
387	60
387	241
387	1225
387	404
389	57
389	390
389	107
389	86
389	1573
390	481
390	306
390	1616
390	2167
390	529
390	2639
390	679
390	648
391	392
391	133
391	496
392	496
393	2055
393	143
393	2030
393	537
393	448
393	2359
394	440
394	1371
394	1353
394	223
394	183
394	2161
394	2162
394	2421
394	22
394	272
394	2215
394	2017
394	492
394	1262
394	3573
394	3010
394	395
394	396
394	397
394	2091
394	251
395	2215
395	876
395	1372
395	183
395	2458
395	1262
395	2161
395	396
395	397
395	1264
395	251
396	183
396	397
396	3573
396	272
397	404
397	3634
397	183
397	22
397	287
397	251
397	252
398	2171
398	2957
399	865
400	939
400	547
400	1711
400	401
400	402
400	1060
401	402
401	194
403	1036
403	5
403	870
403	1395
403	2533
404	1722
404	475
404	925
404	1225
404	241
404	225
404	2973
404	14
404	466
404	1290
404	60
404	42
404	22
404	251
404	252
405	166
405	2686
405	3589
405	171
405	761
405	183
405	113
405	1919
406	865
406	1359
406	82
406	399
406	1373
406	2158
406	50
406	76
406	1257
407	3604
407	2112
407	1076
407	672
407	1191
407	161
407	1653
407	541
407	1405
407	209
407	1468
407	2849
407	1217
407	3075
407	1272
407	3603
408	363
408	364
409	598
409	222
411	89
411	1397
411	1560
411	993
411	3161
411	412
411	413
411	477
411	625
411	3018
411	1928
411	580
411	626
411	2347
411	1395
411	1685
411	992
412	413
413	79
414	571
414	1291
414	855
414	1398
414	3791
414	3293
414	675
414	415
414	416
414	417
414	2933
414	1323
414	2228
414	3938
414	2727
414	3271
414	3569
414	3656
415	2556
415	629
415	2775
415	416
415	417
415	2494
415	1590
415	1516
416	2313
416	417
418	306
418	358
418	981
418	529
418	2387
419	1823
419	648
419	2799
419	2000
419	420
420	401
420	419
421	2396
421	146
421	147
421	899
422	1491
422	115
422	1005
422	2315
422	1528
422	578
422	1068
423	1244
423	116
423	122
423	3187
423	1093
423	113
423	87
423	2009
423	1321
424	893
425	92
425	181
425	137
425	3720
425	828
425	1672
425	3081
425	2970
425	2971
425	573
425	544
425	3752
425	1162
426	626
426	618
426	157
426	380
428	429
428	1962
428	1963
429	1963
430	1449
430	2576
430	1243
430	431
430	432
430	507
431	507
431	1449
431	3119
431	430
431	1845
431	432
433	434
433	2824
433	3685
433	3623
433	1243
433	1767
433	563
434	1662
434	2519
434	3599
434	1745
435	735
435	2959
435	2222
435	300
435	1258
436	2924
436	3217
436	560
437	676
438	739
438	447
438	820
439	440
440	2967
440	183
440	680
441	442
443	62
443	2534
444	1330
444	440
444	2322
444	445
444	3613
444	183
444	885
444	396
444	1606
444	1010
444	2772
444	272
446	1055
447	438
448	714
448	470
448	449
448	332
449	1560
449	3
449	2316
449	1085
449	2318
449	778
449	3126
450	237
450	1
450	1055
450	8
451	640
451	22
453	454
453	3042
453	3627
453	653
454	168
454	3042
454	3627
455	137
455	138
455	92
455	94
455	35
456	640
456	99
456	100
456	3593
456	59
456	211
456	468
456	457
456	3147
456	3638
456	490
457	3068
457	2135
457	96
457	2751
457	1333
458	2755
458	3318
458	1710
458	459
458	460
458	3551
458	3423
458	766
458	1248
458	123
458	759
458	760
458	2181
458	3
458	652
459	1248
459	123
459	2503
459	458
459	1260
459	460
459	1692
459	652
461	1830
461	3604
461	541
461	462
461	1653
461	1190
461	1191
461	2849
461	3075
461	407
461	3603
462	940
462	806
463	542
464	183
464	152
465	305
465	967
465	3814
465	1980
465	2619
465	764
465	1854
465	893
465	1607
465	3584
466	880
466	881
466	256
466	467
466	14
466	1694
466	1518
466	41
466	488
466	404
466	174
467	610
467	189
467	2957
467	1441
467	1442
467	744
468	92
468	3489
468	2086
468	138
468	3181
468	3314
468	490
469	882
470	143
470	3963
470	270
470	918
470	1999
471	1549
471	972
472	1072
472	685
473	647
473	847
474	3789
474	2534
474	2783
475	60
475	241
475	59
476	513
476	492
476	3421
476	401
476	477
476	478
477	476
477	1638
477	1560
477	411
477	1928
477	401
477	478
477	779
477	992
478	401
479	481
479	480
480	481
480	493
482	483
482	484
482	871
483	482
483	484
483	3874
483	854
484	482
484	483
484	2770
484	871
484	2469
484	1736
485	486
485	168
485	2006
485	40
487	3015
487	819
487	993
487	411
487	422
487	794
487	918
487	1742
487	643
487	1741
487	358
487	784
487	845
487	846
487	488
487	1544
487	285
488	2810
488	681
488	41
488	2398
488	160
488	874
488	2912
489	605
490	491
490	2322
490	410
490	113
491	1578
491	1687
491	1247
491	490
492	439
492	440
492	396
492	2441
492	1300
492	2888
494	263
494	2386
494	282
494	181
494	530
494	1542
494	1503
494	43
494	828
496	391
496	392
498	175
498	199
498	499
498	2
498	118
498	2133
498	1985
498	22
498	172
498	2754
498	404
498	500
499	175
499	199
499	172
499	2
499	118
499	2133
499	3948
499	22
499	2754
499	404
499	500
500	175
500	0
500	440
500	69
500	1020
500	203
500	1925
500	549
500	1896
500	842
500	2677
500	189
500	14
500	723
500	647
500	299
500	2772
501	72
501	502
501	113
502	72
502	501
502	526
503	2772
503	894
503	307
503	504
503	1232
503	2791
503	2365
503	895
503	22
503	287
505	1425
505	1426
505	1325
505	2937
505	2289
505	506
505	298
505	460
505	3238
505	3617
505	1774
507	2343
507	3280
507	1243
507	2576
508	905
508	906
508	907
508	2608
508	509
508	2825
508	3686
508	2300
510	3120
510	1769
510	1748
510	1749
510	2785
510	2786
510	2738
510	2739
510	1279
510	2491
510	2610
510	511
511	3151
511	1701
511	3254
512	2204
512	515
512	2547
512	3955
512	1734
512	1226
512	642
512	3708
512	1627
512	528
512	3222
512	1217
512	850
512	1272
512	407
513	514
513	407
516	517
516	518
516	3486
516	418
516	380
517	252
517	518
517	1344
517	3486
517	521
519	2729
519	2
519	95
519	96
519	928
519	11
519	2349
519	231
519	1859
519	1705
519	307
519	118
519	3968
519	2174
519	170
519	171
519	320
519	3429
519	3855
519	1410
520	981
520	1469
520	3245
520	418
520	1227
521	522
521	1210
521	1494
521	1213
522	2059
522	1494
522	521
524	525
524	357
525	3474
525	1759
525	675
525	1822
525	357
526	501
526	527
527	795
527	1560
527	993
527	3104
527	3105
529	306
529	358
529	2030
529	2180
529	648
529	113
530	531
530	168
530	2386
532	533
534	705
535	2573
536	810
536	2244
537	2283
538	910
538	2
538	2849
538	770
538	539
540	401
540	539
540	527
541	566
541	567
542	97
542	2156
542	3513
543	352
543	183
544	1442
544	1123
544	590
544	2173
544	2960
544	389
544	152
545	3043
545	1859
545	1635
545	546
548	440
548	396
548	1207
548	490
548	113
549	266
550	2278
551	2357
551	552
551	553
552	1827
552	553
553	2812
553	192
554	2910
554	590
554	2768
555	975
556	344
556	440
556	940
556	941
556	1209
556	3264
556	659
556	720
556	2855
556	1763
556	2056
556	244
556	2996
556	557
556	268
556	3174
557	648
557	940
559	940
559	526
559	275
559	2769
559	340
559	1653
560	2979
560	751
560	1610
560	159
560	1553
560	1481
560	1482
560	1483
560	1484
560	1853
560	2688
560	3576
560	1356
560	527
560	3826
560	1357
560	1621
561	832
561	1626
561	322
561	562
562	2418
563	565
563	3623
563	428
563	1767
563	564
564	565
564	428
565	428
566	541
566	739
566	567
566	1272
566	2475
567	541
568	840
568	569
570	168
570	3261
570	1291
571	358
571	2228
571	757
571	604
571	3561
571	833
571	1032
572	118
572	292
572	224
572	1025
572	142
572	2934
572	830
572	318
572	3514
572	197
572	2166
573	1877
573	990
573	885
573	171
574	587
574	588
574	589
574	591
574	575
574	593
574	1396
574	1161
576	2191
576	2109
576	1006
576	758
576	1059
576	577
576	578
576	579
576	1260
577	3198
577	1006
577	1260
577	88
577	578
577	579
577	758
578	1739
578	758
578	3751
578	1489
578	1490
578	1491
578	1357
578	579
579	1414
579	2364
579	258
579	1519
579	31
579	3379
579	3380
579	578
579	1415
580	163
580	369
581	2522
581	1827
581	425
581	2938
581	3601
581	552
581	3742
582	2074
582	2075
582	295
583	115
583	584
583	280
583	1713
584	583
584	280
585	183
588	589
590	2768
592	1404
592	1210
592	663
592	1790
592	2003
594	595
594	1779
595	594
595	1412
595	1693
595	1799
595	2020
595	2128
595	261
595	2184
595	766
596	2663
596	2664
596	2156
596	948
596	3805
596	3512
596	542
596	597
596	1606
596	1451
596	3513
596	1120
596	1121
596	851
600	13
600	1922
600	601
601	1286
601	1287
601	1132
601	1492
601	600
601	1674
601	2423
601	2251
602	603
604	3303
604	1324
604	489
604	962
604	605
604	2184
604	1423
605	1917
606	607
606	608
606	609
607	608
607	609
608	1654
608	1337
608	2456
608	2457
608	1580
608	2792
608	609
611	612
611	1112
611	1082
612	1082
613	3172
613	1448
613	614
613	615
613	616
613	2487
614	613
614	615
614	616
615	1448
615	613
615	614
615	616
616	2712
616	613
618	788
618	358
618	777
618	952
618	2217
618	619
618	1395
618	449
621	911
621	622
621	645
621	1134
621	379
621	2748
621	275
621	2747
621	1619
621	1981
621	3451
622	3040
623	471
623	1548
623	1549
623	624
623	972
623	3362
623	2570
623	152
623	1361
623	111
623	2451
625	3914
625	1832
625	625
625	1587
625	1588
625	1559
625	579
625	928
625	1434
625	1005
625	3255
625	2316
625	788
625	1522
625	157
625	31
625	2367
625	1265
625	163
625	1674
625	3529
625	1930
625	1193
625	1427
626	3794
626	1611
626	3353
626	1395
626	478
626	416
626	840
626	163
626	449
626	627
626	380
626	2316
626	2564
626	2319
626	920
626	2728
628	916
630	838
630	1775
630	160
630	631
630	68
631	838
631	160
631	68
631	1366
631	1367
632	1443
632	3966
632	1036
632	633
634	2130
634	635
634	1020
634	1065
634	934
634	1439
634	2448
635	3807
635	417
635	152
636	3609
636	104
636	637
636	1186
636	1080
636	356
637	2181
637	2328
638	639
638	2589
638	1493
639	1493
640	2628
640	599
641	951
642	2595
642	2995
643	644
643	1511
643	1696
643	1946
646	2023
648	1823
648	649
648	557
649	1391
649	2664
649	289
650	518
650	502
650	3143
651	370
651	31
651	189
651	962
653	654
654	1801
654	1802
654	3659
654	1825
655	656
656	655
657	657
657	1836
657	3345
657	2327
657	2175
657	816
658	91
658	4
658	2158
658	1225
658	2731
658	55
658	2636
658	2860
658	60
658	1705
658	1558
658	2285
658	2017
658	590
658	241
658	3435
658	1440
658	2091
658	2260
658	2940
658	172
659	481
659	720
659	92
659	1209
659	244
659	2855
659	2996
662	385
662	894
662	870
664	293
665	219
665	220
666	78
667	2839
667	667
667	668
667	2690
667	3007
667	1971
667	1972
669	369
670	1077
670	1044
670	1040
670	671
670	1169
672	1217
672	1405
672	3381
673	1092
673	674
673	347
673	4
673	5
673	2174
673	1109
673	675
673	122
673	357
673	773
673	883
673	165
673	525
673	1071
673	2132
673	814
673	172
673	403
673	2533
674	525
674	675
674	357
675	890
675	991
675	525
675	2727
675	3791
675	1501
675	1454
675	357
676	5
677	678
679	481
679	894
679	389
679	312
679	107
679	128
681	1852
682	1897
682	2539
682	822
682	683
682	684
683	555
683	684
683	3454
683	462
683	975
684	2539
684	682
686	264
686	326
687	787
687	688
687	3156
687	1779
687	1095
687	1916
687	1096
687	1533
687	295
687	242
688	687
689	2546
689	690
689	663
689	1021
689	2769
689	559
689	275
689	940
689	375
689	878
691	2436
691	652
691	459
691	460
691	1414
691	540
691	3358
691	294
691	104
691	1764
691	960
691	1072
691	692
691	458
692	458
692	360
692	403
692	2913
692	2914
692	3966
692	632
692	1036
693	2337
693	1033
693	276
694	2014
694	3230
694	2272
694	3461
694	3462
694	1596
694	2946
695	696
695	2243
695	1273
695	2696
695	2697
695	730
695	3169
695	1200
695	3170
697	698
698	697
698	3470
698	2070
698	3540
699	2248
699	700
700	699
701	55
701	1034
701	973
701	361
702	703
704	2061
704	2313
704	2001
704	3452
704	3830
704	3108
704	2203
704	46
707	1424
707	2620
707	670
707	1077
707	1124
707	371
707	647
707	1018
707	1969
707	1024
709	1066
709	775
709	710
710	709
711	712
711	108
712	485
713	2621
714	1365
715	1118
717	237
717	3
717	3423
717	3535
717	32
717	2901
717	1268
717	1988
717	1364
717	3911
717	1414
717	127
718	1252
718	3815
718	3816
718	3916
718	2214
719	502
719	442
719	354
719	2009
720	32
720	1209
722	2537
722	2538
723	2339
723	2458
723	225
723	1502
723	395
723	189
723	2520
723	251
723	1290
723	1179
723	85
723	87
723	724
723	725
724	86
724	725
726	2144
726	1793
726	1153
727	2696
727	2697
727	3170
727	730
727	3169
727	1200
727	2642
727	695
728	2120
728	2953
728	729
730	731
730	695
731	695
734	386
734	3443
734	2053
734	396
734	71
734	783
734	53
734	782
734	435
734	3843
734	1289
734	3490
734	2776
734	735
734	3536
734	45
734	16
735	767
735	435
735	1554
735	1011
735	1013
735	1188
735	1258
735	1214
737	738
738	737
739	1015
739	820
739	1620
739	928
739	3565
739	1128
739	1590
739	541
739	566
739	567
739	438
739	407
740	1099
740	949
742	1015
742	818
742	819
742	1232
742	743
742	1106
743	1012
743	1013
743	3181
744	1776
745	3754
745	3755
745	746
745	2031
745	3223
745	3782
745	289
747	1455
747	1106
747	748
748	2051
749	403
749	2795
749	880
749	17
749	3039
750	3723
751	754
751	1230
751	1231
751	752
753	1054
753	3662
753	3661
753	3570
753	136
754	3304
754	1230
754	1231
754	751
754	2830
754	2219
754	2417
755	108
757	1055
757	358
757	1344
757	3660
758	577
758	578
758	579
759	2118
759	505
759	3162
759	2937
759	760
759	2117
759	2380
760	770
760	3
760	766
761	1824
761	171
762	3959
762	3409
762	1961
762	3778
762	3779
763	1015
763	818
763	819
763	3785
763	1935
763	3510
763	1232
763	3501
763	742
763	2336
763	2029
763	1106
763	3103
764	967
764	1390
764	3814
764	2089
764	765
764	1986
764	1334
764	1327
764	1328
764	1365
766	1059
766	3
766	3937
767	678
767	3067
767	244
767	245
767	950
767	133
767	3953
767	1012
767	1013
767	677
768	394
768	769
768	2936
768	636
768	637
768	770
768	2132
769	3266
769	874
769	770
769	390
769	652
770	2260
770	652
771	992
771	347
771	403
771	8
771	3083
772	1712
772	1722
772	1859
772	1860
773	199
773	4
773	2126
773	5
773	403
773	76
774	1056
774	62
775	293
776	1345
776	777
776	778
776	779
776	809
777	778
777	779
777	2409
777	163
778	779
779	625
779	1265
779	2412
779	1649
780	1248
780	12
780	781
782	783
784	306
784	241
784	918
785	1368
785	786
787	827
787	1064
787	242
788	1336
788	3529
788	1193
788	778
788	1944
788	928
789	3072
789	1124
789	790
789	2678
791	3196
791	1592
791	526
791	27
791	274
791	273
791	383
791	609
792	793
794	31
794	1125
794	962
795	3967
795	527
795	1450
796	2699
796	797
798	1505
798	1250
798	605
798	827
799	2554
800	322
801	1522
801	929
801	157
801	158
801	223
801	3395
801	625
801	3255
801	712
801	449
801	1989
801	802
801	803
801	380
801	832
801	1395
801	1085
801	1193
802	803
802	449
803	89
803	411
803	157
803	777
803	3608
803	449
803	1193
803	380
803	2319
803	1685
803	3
804	2724
805	464
805	138
805	35
805	311
806	941
807	3734
807	702
807	808
808	218
808	1718
808	702
808	884
808	110
808	149
808	807
808	254
809	777
811	812
811	813
812	813
813	811
814	890
814	525
814	675
816	2538
817	1164
817	497
817	354
817	2009
818	2991
818	799
818	819
818	285
818	1776
819	3015
820	2216
820	1787
820	821
820	2774
820	1902
820	739
820	2442
820	2443
820	1618
820	1590
820	3877
820	438
820	2637
820	879
820	1620
820	863
820	152
820	2391
822	1897
822	3037
822	3616
822	3298
822	3741
822	1204
822	1205
822	1206
823	1507
823	704
823	2016
823	3375
823	824
823	2764
823	2501
823	1547
824	2002
824	704
824	2061
824	2313
824	2001
824	1957
824	3830
824	1551
824	1563
824	3244
825	826
825	3772
825	224
825	3693
825	3692
826	1941
826	2724
827	2045
827	262
827	798
828	2910
828	2418
828	324
828	2156
828	639
828	241
828	2528
828	11
828	2996
828	403
828	22
828	562
830	224
830	831
830	318
832	832
833	161
833	3088
833	1437
833	3561
834	788
834	358
834	411
834	777
834	477
834	618
834	928
834	835
835	1265
835	411
835	477
835	380
835	779
835	928
835	1684
835	626
835	1502
835	2362
835	984
835	2316
835	1394
835	1395
835	2409
836	2507
837	1354
837	68
837	3619
837	837
837	838
837	3591
837	630
837	631
837	160
837	3592
838	1354
838	68
839	2504
839	3664
839	2344
839	2502
839	3181
840	416
840	841
841	3492
841	1802
841	2284
844	1215
844	8
844	765
844	322
845	1079
845	846
845	661
845	1073
846	1073
846	1074
848	1686
848	325
848	221
848	1650
848	1651
848	314
848	1984
848	3695
848	3696
848	1627
848	338
848	559
848	849
848	850
848	2394
848	385
848	512
848	1813
848	274
848	515
848	1311
848	275
848	1403
848	3110
848	913
848	1272
848	407
849	1369
849	1584
849	642
849	850
849	1312
849	2111
849	2451
851	852
851	2663
851	2664
854	22
855	1018
855	856
855	857
855	416
855	1571
856	857
858	2425
858	859
858	3797
858	2424
859	2425
859	858
859	3797
859	3649
859	2424
860	862
860	861
861	862
861	860
863	1181
863	853
863	368
863	635
863	1578
863	871
863	872
863	3807
863	3438
863	152
863	1590
863	1180
864	3077
864	189
865	1717
865	866
865	1285
865	1706
866	1706
867	177
867	839
867	868
867	157
867	542
867	2334
867	97
867	161
867	463
867	2277
867	2502
869	525
869	2657
869	1836
869	3437
869	554
871	1181
871	853
871	483
871	872
872	853
875	876
875	877
876	1015
876	86
876	209
876	877
877	1322
877	3016
877	3323
877	3579
877	1305
877	3757
877	3699
877	3689
878	2337
878	689
878	2172
878	2363
878	2364
878	1021
878	1438
878	3735
878	2546
878	579
878	1896
878	3921
878	1765
879	820
879	1934
879	2391
879	1463
879	1464
879	3893
880	307
880	22
880	475
880	925
880	153
880	189
880	397
880	451
880	681
880	1549
880	404
880	875
880	251
880	252
882	148
882	469
882	2361
883	2235
883	2236
883	1501
883	525
883	1071
883	1109
883	1815
883	674
883	675
883	1454
883	357
884	702
885	990
886	3195
887	1119
887	886
888	2385
888	3982
888	183
888	609
888	1681
888	3034
888	195
888	383
888	3136
888	634
888	3319
888	2525
888	311
888	2623
888	162
888	165
888	889
888	359
888	2677
888	2139
888	365
888	2483
889	3034
889	634
889	3982
889	609
889	2623
889	3136
892	679
892	3588
893	2212
893	424
894	503
894	3312
896	897
896	898
897	2939
897	896
897	898
898	2939
898	896
898	897
899	147
900	1292
901	902
902	901
903	2121
903	1873
903	728
903	2274
903	1113
903	2038
903	2036
903	1048
903	1642
904	3336
904	2648
904	947
904	905
904	906
904	907
904	2069
904	508
904	2825
904	1846
904	1847
904	2608
904	2609
904	1381
904	3686
904	2577
904	2300
905	3468
905	3469
905	906
905	907
906	907
908	2325
908	2326
908	2892
908	909
910	540
911	1924
911	927
911	379
912	218
912	628
912	1118
912	715
912	63
912	561
912	322
913	1987
913	914
913	915
913	1217
913	2445
913	1781
913	407
913	2213
913	2444
913	1474
914	915
914	407
917	1534
918	3585
918	1509
919	920
919	921
920	626
920	1443
920	1097
920	921
921	2082
922	923
922	2123
923	3225
923	1580
924	12
924	780
926	824
926	1460
927	446
927	441
927	2030
928	779
928	475
928	223
928	2798
928	1410
928	928
928	929
928	3529
928	3530
928	984
928	2271
928	1558
928	2758
930	3657
930	628
930	3102
930	916
932	491
932	1947
932	1089
932	933
932	582
933	212
935	1520
936	938
936	939
936	1541
936	1406
936	1043
936	937
937	938
937	939
937	1541
937	1761
937	1043
937	936
938	939
938	1728
938	1540
938	1031
938	1043
940	440
940	941
940	526
940	942
940	806
943	209
943	3876
944	945
944	1198
946	1795
951	2028
951	2682
952	953
952	1033
952	2217
953	952
953	1033
954	453
954	454
954	345
954	284
954	2226
954	1219
955	1259
955	1546
955	1335
956	957
957	3615
957	3533
957	956
958	1223
958	3759
958	6
958	11
958	3156
958	2421
958	60
958	3078
958	95
958	1179
958	404
958	172
958	72
958	3852
958	241
958	1025
958	118
958	771
958	360
958	1290
958	3229
958	744
958	2133
958	723
959	602
960	2048
960	652
960	459
960	460
960	1413
960	261
960	766
960	123
960	770
960	760
960	3
960	458
961	440
961	1387
961	18
961	2765
961	3991
961	3992
961	1175
961	2101
961	1871
961	1159
961	272
962	370
962	31
963	3548
963	964
963	3546
964	963
964	1139
965	440
965	1060
965	961
965	18
965	2101
965	3991
965	3992
965	1175
965	400
965	2183
965	966
966	1058
966	1094
966	1245
967	968
967	3
969	970
969	3541
969	3446
969	1717
969	1702
969	2770
969	1703
969	2982
969	2469
969	1709
969	3875
969	3221
969	2087
969	1923
969	1285
969	1714
969	1715
969	3175
969	1579
969	1453
969	1409
970	18
970	1094
970	3917
970	1574
973	55
973	1039
973	701
974	201
976	977
976	978
976	3528
976	1172
977	978
978	977
979	491
979	922
979	1457
979	1458
979	1166
979	1187
979	1893
979	162
979	3340
979	3341
979	1654
979	1269
979	932
980	1657
981	47
981	3245
981	982
981	983
982	2596
982	983
985	986
985	2102
985	1677
985	1678
987	385
987	990
987	3714
987	992
987	2968
987	1305
987	988
987	1557
987	989
987	2854
988	223
988	5
988	403
988	989
988	1323
989	990
989	2957
990	1877
991	984
991	1501
991	1756
992	3915
992	347
992	3181
992	350
992	2505
992	403
992	989
992	2084
993	994
996	989
996	2957
996	348
996	2771
997	3861
997	3025
997	3026
997	3494
997	3862
997	1445
997	2065
997	1699
998	999
998	3385
998	2873
998	1565
1000	3673
1000	1001
1000	1002
1001	1002
1002	3673
1003	1004
1003	3215
1005	166
1005	1395
1005	3259
1006	758
1006	1007
1006	1008
1006	1260
1007	1414
1007	652
1007	1008
1007	1485
1008	461
1008	1191
1008	3666
1008	1006
1008	1260
1009	393
1011	51
1011	767
1011	1630
1011	757
1011	3181
1011	3660
1011	743
1011	427
1011	1012
1011	1013
1011	1258
1012	427
1012	1013
1013	678
1013	1307
1014	1015
1014	1183
1014	1184
1017	457
1017	99
1017	100
1019	209
1019	1020
1020	212
1020	209
1020	1019
1020	2168
1020	2468
1020	1106
1020	1822
1021	209
1021	1677
1021	1678
1021	985
1021	986
1021	2102
1021	3847
1021	878
1022	3933
1022	1631
1022	1023
1022	1948
1025	91
1025	771
1025	360
1025	3078
1025	118
1025	2312
1025	1179
1025	2584
1026	1027
1026	1306
1028	1029
1028	1266
1030	389
1030	310
1032	604
1034	1035
1036	1861
1037	184
1037	1907
1037	2137
1037	221
1037	1353
1037	329
1037	182
1037	373
1037	2076
1037	2077
1037	2495
1037	2161
1037	2162
1037	185
1037	2893
1037	2478
1037	1810
1037	384
1037	199
1037	990
1037	2322
1037	2174
1037	3573
1037	394
1037	573
1037	720
1037	1038
1040	1044
1040	1428
1040	1324
1040	1169
1040	2260
1040	951
1040	1041
1040	1042
1044	1169
1045	1046
1045	1351
1045	1314
1045	2035
1045	2641
1046	1045
1046	2733
1046	1375
1046	1313
1046	1314
1046	3525
1046	3648
1046	3958
1046	2641
1047	1201
1047	2150
1047	1600
1048	1242
1048	1316
1048	1200
1049	1240
1049	1241
1049	1377
1050	1051
1050	1052
1050	1053
1050	3231
1050	1525
1050	2151
1051	1052
1051	1053
1052	1053
1057	464
1057	2467
1057	1333
1057	2468
1061	1348
1062	1161
1063	333
1063	2411
1063	231
1063	2653
1063	61
1063	470
1065	481
1066	1393
1066	710
1067	422
1067	1295
1067	1068
1069	2217
1071	749
1071	880
1071	2236
1071	6
1071	674
1071	675
1071	1814
1071	3107
1071	357
1071	164
1071	3039
1071	113
1072	2436
1073	1074
1075	1076
1075	1256
1077	1124
1077	322
1078	1407
1078	940
1078	806
1078	1652
1081	997
1081	2035
1081	1111
1081	1661
1082	2574
1084	385
1084	310
1084	1788
1084	1977
1084	76
1085	1832
1085	2886
1085	411
1085	1890
1085	477
1085	1085
1085	3126
1085	2347
1085	380
1085	2316
1085	2318
1085	1395
1085	2319
1085	1560
1085	2523
1085	1609
1085	110
1085	1638
1085	124
1085	803
1085	1892
1085	625
1085	1685
1086	1087
1086	1088
1087	1088
1089	1760
1089	922
1089	1559
1089	2116
1089	2357
1089	2551
1089	1654
1089	979
1089	932
1089	1803
1089	2281
1089	2282
1092	0
1092	92
1092	2
1092	2285
1092	137
1092	8
1092	55
1092	56
1092	1021
1092	3416
1092	562
1092	307
1092	2311
1092	2751
1092	2174
1092	241
1092	397
1092	3344
1092	3424
1092	172
1092	1506
1093	423
1093	1094
1095	1096
1096	1512
1096	3848
1096	2512
1096	2778
1097	1676
1098	2173
1098	1527
1101	1326
1101	1178
1101	1102
1101	1103
1102	1433
1102	1161
1102	1103
1103	1101
1104	1885
1104	3532
1104	239
1104	1105
1104	51
1104	86
1104	724
1107	2171
1107	3043
1107	2011
1107	283
1107	3491
1107	33
1108	2306
1108	2772
1108	2113
1108	503
1108	2103
1108	2285
1108	43
1108	2290
1108	3356
1108	1871
1108	263
1108	189
1108	14
1108	3189
1108	299
1108	500
1108	3258
1109	2236
1109	991
1109	525
1109	814
1109	1501
1109	675
1109	1454
1109	357
1110	2007
1110	3537
1110	527
1111	1447
1111	726
1111	1153
1112	611
1112	612
1112	1082
1114	3093
1114	1115
1114	1116
1114	1117
1114	3150
1115	1114
1115	1116
1115	1117
1116	3093
1116	1114
1116	1117
1116	2149
1117	2713
1118	912
1118	715
1119	886
1119	887
1120	2663
1120	2664
1120	596
1120	542
1120	1606
1120	3512
1120	3513
1120	1121
1120	851
1122	544
1122	1123
1124	2254
1125	31
1125	32
1125	1764
1127	2614
1127	1658
1127	2312
1127	1223
1129	1130
1129	269
1131	2955
1131	1132
1131	601
1132	601
1133	621
1133	1134
1134	379
1134	1981
1135	3100
1135	1136
1136	1135
1138	107
1138	403
1138	457
1138	5
1139	963
1139	2229
1140	3367
1140	1978
1140	1979
1140	1141
1140	209
1140	3081
1140	3082
1140	2668
1141	1979
1143	1144
1143	1161
1143	2396
1145	2399
1145	1146
1145	2455
1146	1147
1146	703
1146	1624
1146	1329
1148	1149
1148	1150
1149	1150
1150	1148
1153	1447
1153	726
1153	1374
1154	1315
1154	1376
1154	1350
1154	2342
1154	2063
1154	1524
1155	1156
1155	1196
1155	1197
1156	1155
1157	1897
1157	1884
1157	1076
1157	407
1159	1259
1159	3905
1159	2765
1159	955
1161	1283
1161	372
1162	159
1163	234
1163	150
1163	154
1164	1165
1164	130
1164	2701
1164	3480
1164	3479
1164	354
1164	2009
1165	1164
1165	3480
1166	1171
1166	1133
1166	1167
1166	1168
1167	3806
1167	1786
1167	1168
1168	1939
1168	1166
1168	1167
1168	274
1168	29
1168	1171
1168	2831
1168	609
1170	665
1171	3713
1171	1251
1171	2600
1171	1167
1171	2801
1171	3377
1171	1166
1171	2779
1172	977
1174	1395
1174	623
1174	111
1174	411
1175	1823
1175	965
1175	2386
1175	419
1175	2101
1176	1862
1176	1177
1176	3439
1176	2280
1176	2255
1176	2256
1178	1102
1178	1103
1179	3078
1179	1290
1179	160
1179	225
1179	744
1179	251
1180	1181
1180	853
1180	871
1180	872
1181	853
1181	872
1182	1183
1182	1184
1182	328
1182	247
1182	248
1182	2345
1182	2683
1182	1014
1183	1184
1186	127
1187	2943
1187	2944
1188	3697
1188	1189
1190	461
1190	1191
1190	258
1190	579
1190	407
1191	461
1191	3075
1192	619
1192	1832
1192	1193
1192	1194
1193	712
1193	1989
1193	1194
1193	832
1193	619
1193	1395
1194	1832
1194	619
1194	1192
1195	1687
1195	229
1195	3786
1195	169
1195	2370
1195	3901
1196	1197
1197	2035
1197	3116
1198	944
1198	945
1198	1199
1199	1418
1199	944
1199	1417
1202	79
1202	524
1204	1205
1204	1206
1205	1206
1207	648
1207	3825
1207	152
1207	1106
1207	440
1208	394
1209	2396
1210	2686
1210	527
1210	2524
1210	1789
1210	1717
1210	1211
1210	1790
1210	521
1210	2043
1211	1790
1211	2043
1212	3882
1212	3735
1212	2853
1212	1982
1212	3706
1212	3705
1212	3931
1214	3192
1214	1188
1214	1632
1215	3250
1215	844
1215	1859
1215	1621
1215	1216
1215	3869
1215	1225
1215	2308
1216	1456
1217	2331
1217	2332
1219	453
1219	911
1219	1175
1219	2025
1219	954
1219	919
1219	419
1220	2983
1220	1659
1220	3292
1220	2781
1220	1309
1221	2346
1221	1926
1225	590
1225	1558
1226	461
1226	3681
1226	2730
1226	541
1226	2479
1226	2902
1226	642
1226	407
1228	754
1228	1229
1228	1230
1228	1231
1228	1572
1228	751
1228	1132
1229	754
1229	1230
1229	1231
1229	751
1230	1231
1231	1228
1231	2497
1231	2498
1231	3946
1232	2350
1232	3185
1233	314
1233	1234
1234	314
1236	1238
1236	1239
1236	2998
1236	2999
1236	3348
1236	1237
1237	1238
1237	1239
1237	3922
1238	1239
1239	3274
1239	1237
1240	1241
1242	3557
1243	434
1243	1767
1243	1601
1243	563
1243	433
1244	292
1244	367
1244	406
1244	3187
1244	122
1248	1249
1248	757
1248	652
1248	1293
1248	3854
1248	2387
1248	3245
1248	238
1249	652
1250	2793
1250	3655
1251	1539
1251	1654
1251	1308
1251	1888
1251	3783
1251	3444
1252	526
1253	1248
1253	2866
1253	3594
1253	1254
1254	143
1255	2108
1255	37
1255	1780
1256	1076
1257	1631
1257	474
1257	2882
1257	2411
1257	403
1257	22
1257	828
1257	11
1258	735
1259	767
1259	1546
1259	3618
1259	1335
1259	955
1259	2438
1260	461
1260	1191
1260	2503
1260	758
1260	2849
1261	307
1261	112
1262	1264
1262	251
1263	2200
1263	2201
1263	1865
1263	2003
1264	397
1264	252
1265	2523
1265	3904
1265	625
1265	779
1265	928
1265	626
1265	2412
1265	380
1265	667
1266	1028
1267	829
1267	1272
1268	924
1268	2048
1268	2594
1268	1727
1269	1654
1269	2452
1269	2635
1269	1270
1269	1187
1269	162
1269	383
1270	1142
1270	2408
1271	1654
1271	2452
1271	979
1271	1269
1271	3698
1271	162
1271	383
1272	566
1272	1692
1272	3511
1272	1403
1274	1275
1276	1277
1276	3497
1279	1701
1279	511
1281	1282
1285	298
1285	3677
1285	3894
1286	1287
1286	1132
1286	1808
1286	601
1286	2756
1286	202
1287	1286
1287	1674
1287	1906
1287	601
1287	2199
1287	2562
1288	866
1288	590
1288	2077
1288	122
1288	54
1288	1289
1288	1304
1288	1305
1288	1491
1288	1556
1288	1876
1289	2967
1289	1491
1289	396
1290	22
1290	241
1290	1502
1290	251
1291	1100
1291	3290
1291	629
1293	2418
1293	874
1295	2521
1295	1296
1297	126
1298	2322
1298	1727
1298	310
1298	160
1298	387
1298	2636
1298	744
1299	1309
1299	1220
1299	1659
1299	1331
1300	2592
1300	287
1300	277
1300	189
1300	397
1300	3064
1300	982
1300	875
1301	590
1301	1302
1301	1136
1301	2689
1301	1135
1304	522
1304	1305
1304	771
1304	521
1305	385
1305	3636
1305	771
1305	870
1305	1557
1305	2084
1306	2163
1306	1026
1306	1730
1306	1731
1306	3190
1306	1729
1306	3773
1306	42
1306	1726
1306	1306
1306	3712
1308	2867
1308	1512
1311	385
1311	3981
1311	1584
1311	1650
1311	1651
1311	2449
1311	1312
1311	1403
1311	403
1311	849
1311	2483
1312	1584
1312	1403
1313	1314
1313	1045
1313	1046
1313	2733
1315	1994
1315	2402
1315	3702
1315	1376
1316	1242
1316	1352
1317	1318
1317	1319
1317	1593
1317	1594
1317	491
1318	1319
1318	3226
1318	3017
1318	2782
1320	72
1320	437
1320	1324
1321	2990
1321	90
1321	94
1321	2171
1321	372
1321	373
1321	481
1321	719
1321	1392
1321	18
1321	488
1321	382
1321	2407
1321	1631
1321	2115
1321	2912
1321	2528
1321	2009
1321	1322
1321	1323
1321	2057
1322	2990
1322	3320
1322	1323
1322	2957
1322	984
1322	3610
1322	426
1322	2912
1322	382
1322	488
1322	153
1324	669
1324	1310
1325	1774
1326	1102
1327	1777
1327	3272
1327	2089
1327	1328
1327	1334
1329	703
1333	464
1333	1026
1333	214
1333	3395
1333	440
1335	1259
1335	1546
1335	767
1336	788
1337	1338
1339	1286
1339	2292
1339	1340
1339	3534
1339	202
1339	2291
1341	138
1341	92
1341	176
1341	1782
1342	1783
1342	1583
1342	3831
1343	47
1343	1344
1343	1555
1344	3245
1345	776
1345	788
1345	778
1346	819
1346	1348
1346	3876
1346	3426
1346	943
1346	1997
1346	876
1346	98
1346	1347
1346	1061
1347	1015
1347	1348
1347	1061
1349	1800
1350	3648
1351	1046
1353	223
1353	573
1353	2745
1353	2161
1354	2651
1355	1553
1355	1356
1355	2447
1355	2032
1355	2707
1355	2708
1356	1357
1356	751
1356	1482
1357	1739
1357	1482
1357	1358
1357	1484
1359	865
1359	2158
1359	3614
1360	1094
1361	2903
1361	623
1364	1868
1365	1131
1366	1367
1368	1465
1368	1339
1368	785
1369	2470
1369	2838
1369	1548
1369	1645
1370	166
1370	89
1370	2513
1371	395
1371	183
1371	876
1371	1372
1374	1447
1374	726
1376	1524
1376	1744
1376	2033
1376	1315
1377	3053
1377	1049
1378	2431
1378	1379
1378	1380
1378	1663
1379	2301
1379	1380
1379	1663
1381	3650
1381	907
1381	3121
1381	3122
1381	3559
1381	2490
1381	1847
1381	1382
1381	1383
1381	1384
1381	1385
1381	1386
1382	1602
1382	1383
1382	1384
1382	1385
1382	1386
1383	2698
1383	1384
1383	1385
1383	1386
1384	1382
1384	2698
1384	1602
1384	1385
1384	1386
1385	1386
1387	3905
1387	1159
1387	2765
1389	2418
1389	440
1389	404
1389	389
1389	444
1389	2564
1389	2766
1389	1896
1389	36
1389	263
1389	1859
1389	1871
1389	107
1389	21
1389	11
1389	1496
1389	272
1390	1510
1390	1365
1390	714
1392	2407
1394	618
1394	1395
1395	411
1398	3271
1398	2727
1398	1399
1398	2799
1398	675
1398	3602
1400	1401
1400	1402
1401	1402
1402	1400
1402	2477
1407	2107
1407	1436
1407	959
1407	806
1408	237
1408	2941
1408	2731
1408	2558
1409	1717
1409	372
1409	1410
1410	2907
1410	372
1410	3845
1412	377
1412	2135
1412	1985
1413	766
1413	3
1413	760
1416	1755
1416	1
1416	1441
1416	1373
1416	1751
1416	3155
1416	2820
1416	226
1416	3868
1417	1418
1417	3683
1419	1420
1419	3798
1419	536
1419	2039
1421	2433
1421	1422
1423	1143
1423	3294
1423	2541
1423	3180
1423	1324
1423	1623
1423	1839
1424	789
1424	1124
1425	1426
1425	3517
1427	1193
1427	1194
1431	2021
1432	292
1432	3083
1433	2232
1433	1161
1434	1435
1434	1905
1434	1427
1435	1905
1436	940
1436	2115
1436	462
1436	3872
1436	806
1437	1752
1437	3637
1438	2080
1439	1588
1439	2661
1440	190
1440	4
1440	341
1440	179
1440	880
1441	1442
1441	2106
1441	744
1441	2996
1442	387
1442	2520
1442	2104
1442	2106
1442	3823
1442	3679
1442	1549
1442	3913
1443	1036
1446	1447
1446	1660
1446	2732
1447	1446
1448	2093
1448	2092
1448	3172
1448	3890
1448	3891
1448	613
1448	2530
1448	1960
1449	1243
1449	2576
1449	507
1450	527
1452	1056
1453	970
1454	991
1454	1501
1455	1216
1455	3288
1455	747
1455	1456
1459	926
1459	1460
1460	1459
1460	823
1460	1551
1460	1837
1460	2276
1460	1547
1461	1882
1461	1477
1461	2526
1461	1462
1461	3474
1461	357
1461	2710
1461	3137
1461	3226
1461	1855
1461	1836
1461	2480
1461	1720
1461	2407
1462	357
1463	1464
1463	1934
1463	2377
1464	879
1470	1475
1470	1471
1470	1472
1470	1473
1470	1474
1471	1475
1471	1470
1471	1472
1471	1473
1471	1474
1472	1475
1472	1470
1472	1473
1472	1474
1473	1475
1473	1470
1473	3777
1473	2221
1473	1474
1474	1475
1474	1470
1474	2170
1476	1838
1476	1459
1476	3400
1477	1836
1477	357
1477	2480
1477	1882
1478	1307
1478	1648
1478	3894
1478	1285
1479	1306
1480	26
1480	2378
1480	3835
1480	3637
1480	1437
1480	3234
1480	1752
1480	833
1481	1502
1481	1356
1481	2283
1481	1357
1481	1482
1481	1483
1481	1484
1483	1484
1486	2015
1486	1487
1486	2916
1486	2917
1488	2067
1488	2068
1488	3232
1489	1490
1489	1491
1489	1065
1489	1695
1490	1491
1492	1131
1492	2423
1492	2675
1492	600
1492	601
1493	951
1495	323
1495	324
1495	1496
1495	1493
1495	2859
1495	638
1495	639
1495	1389
1495	330
1495	78
1495	2766
1495	2179
1495	2711
1495	1207
1495	215
1496	1493
1496	78
1497	1588
1497	3397
1498	2104
1498	1499
1502	1395
1503	530
1503	2386
1504	1833
1505	827
1506	307
1506	713
1506	1859
1506	601
1506	95
1506	2751
1506	55
1506	2311
1506	768
1506	2675
1506	2132
1506	2414
1506	172
1507	1508
1508	1507
1509	3632
1509	2481
1509	2265
1510	1365
1511	1096
1511	1970
1511	1512
1511	3164
1512	3941
1513	336
1513	337
1513	1514
1514	2323
1514	2752
1514	337
1514	2372
1514	2373
1514	2374
1514	2381
1514	1059
1514	1513
1514	2371
1515	1516
1516	1515
1517	2925
1518	467
1520	935
1521	1717
1522	1826
1522	625
1522	803
1522	1685
1523	2975
1523	2273
1523	2034
1523	1743
1523	2518
1525	2151
1526	275
1529	1530
1529	1531
1530	1878
1530	1529
1530	1531
1532	385
1532	1353
1534	917
1535	1536
1535	1098
1536	1098
1538	3004
1538	1825
1538	2261
1538	3606
1538	203
1539	1251
1539	1887
1539	1269
1539	1308
1539	1171
1539	2481
1540	1541
1540	936
1540	937
1542	3682
1542	237
1542	1389
1542	679
1542	3141
1542	1408
1542	481
1542	263
1542	168
1542	1440
1542	59
1542	230
1542	3429
1542	21
1542	1543
1542	288
1542	570
1544	1950
1544	435
1544	1545
1544	2638
1546	1259
1546	2438
1546	955
1546	1335
1547	1551
1547	1459
1547	1460
1547	823
1547	2501
1547	1837
1547	926
1548	471
1548	1549
1549	2570
1549	171
1551	3542
1551	1563
1551	2002
1551	2127
1551	1733
1551	2113
1551	285
1551	2001
1552	2812
1552	3449
1553	2032
1553	1356
1554	1188
1556	639
1556	1491
1556	2005
1556	3935
1557	992
1557	2084
1558	2957
1558	2482
1559	1529
1559	1530
1560	2886
1560	411
1560	1890
1560	477
1560	1085
1560	3126
1560	1110
1560	1005
1560	380
1560	2316
1560	2317
1560	2318
1560	2319
1560	2320
1560	2822
1560	3733
1560	1609
1560	3104
1560	1789
1560	1928
1560	1892
1560	1649
1560	1684
1561	2590
1561	1562
1562	2844
1562	1807
1562	560
1562	1356
1563	2002
1563	1551
1563	2001
1564	1274
1564	1048
1564	1275
1566	2426
1566	1567
1566	2206
1566	3925
1569	1570
1574	1094
1575	1688
1575	3080
1575	1639
1575	3079
1577	359
1577	303
1577	3065
1577	1811
1577	1812
1578	806
1579	1717
1579	865
1580	2767
1581	869
1581	1582
1581	525
1581	526
1581	3005
1581	1836
1581	1756
1581	3062
1582	869
1582	525
1582	3038
1582	1071
1582	1836
1582	3493
1582	675
1582	3474
1582	816
1583	1163
1583	155
1583	3328
1583	2980
1583	1297
1583	102
1583	732
1583	3450
1583	2081
1583	126
1583	234
1583	154
1584	2111
1585	2484
1585	1586
1586	1585
1587	1588
1589	1492
1589	1287
1589	13
1589	2675
1589	601
1589	1674
1589	3130
1589	2423
1589	3129
1589	2992
1589	1506
1590	1015
1590	1618
1590	1620
1591	2
1591	3690
1591	310
1591	160
1591	225
1591	1298
1591	3707
1591	2091
1591	1772
1591	1225
1591	1179
1591	744
1592	273
1592	274
1592	609
1593	491
1593	1594
1593	1317
1594	1593
1595	1620
1595	2194
1595	270
1596	694
1596	944
1596	1597
1597	944
1598	2514
1598	2872
1598	1599
1599	2064
1599	2240
1599	1598
1599	1959
1600	1274
1600	1564
1600	1275
1602	2647
1602	1382
1602	1384
1602	2245
1604	1770
1604	1605
1604	2302
1604	2249
1605	2249
1606	964
1606	92
1606	3512
1606	390
1606	542
1606	3513
1606	137
1606	3804
1606	2156
1606	2664
1607	3136
1607	888
1607	23
1607	893
1609	1110
1609	2822
1609	1560
1609	3733
1609	1890
1609	1892
1610	1853
1610	1553
1610	560
1612	1613
1614	1615
1615	1009
1615	1942
1615	1939
1615	609
1616	390
1616	2167
1617	3544
1617	3545
1617	1101
1617	1102
1617	1103
1618	621
1618	1619
1618	1620
1618	739
1618	2194
1618	2225
1618	1590
1618	1595
1618	2193
1618	2747
1618	3565
1618	3451
1619	2747
1619	1620
1619	3451
1619	3159
1620	209
1620	1590
1621	1479
1621	1356
1622	1141
1622	1924
1622	2545
1622	2964
1623	3361
1624	703
1624	716
1624	1329
1625	84
1627	850
1628	3310
1628	2054
1630	743
1630	285
1630	1012
1630	3181
1632	1188
1633	2837
1634	3667
1634	1976
1634	2613
1634	1723
1634	1021
1635	1866
1635	1636
1635	1637
1636	1637
1638	1638
1640	1235
1640	2829
1640	1641
1642	617
1642	1872
1642	1873
1643	2918
1646	2962
1646	2963
1646	1985
1647	927
1647	358
1647	757
1647	2143
1648	2286
1648	1478
1649	1395
1650	1651
1650	609
1650	275
1652	940
1652	941
1652	2840
1652	806
1652	1653
1653	3624
1653	2769
1653	559
1653	1829
1653	2263
1653	2821
1655	1645
1656	1851
1656	1657
1657	1656
1657	980
1657	2996
1657	1441
1659	1299
1660	1447
1661	1081
1661	1111
1661	1843
1663	1769
1663	2068
1663	3500
1663	2431
1664	2719
1664	1665
1665	3125
1665	1664
1665	1874
1665	1875
1665	2719
1667	394
1667	3010
1667	390
1667	41
1667	8
1667	3142
1667	2745
1667	3902
1669	1670
1671	1879
1671	1672
1671	1673
1671	425
1672	3562
1672	3146
1672	3081
1672	1673
1672	3752
1672	3145
1672	425
1672	487
1672	2283
1672	1356
1673	1879
1673	1671
1673	425
1673	1672
1674	1588
1675	1676
1675	1097
1677	985
1677	2102
1677	1678
1677	2110
1677	1021
1678	985
1678	2102
1678	1677
1679	1654
1679	2123
1679	1680
1679	3691
1679	1893
1680	2867
1680	1308
1680	2993
1680	3669
1680	1089
1680	29
1680	1893
1680	1894
1680	1654
1680	2635
1680	1269
1680	1251
1680	1679
1680	1836
1680	3504
1681	1682
1681	2483
1681	440
1684	223
1684	788
1684	1560
1684	1832
1684	95
1684	96
1684	625
1684	779
1684	928
1684	801
1684	3529
1684	1005
1684	380
1684	2316
1684	1395
1685	2666
1685	803
1685	1621
1686	850
1689	1690
1689	1691
1690	1691
1691	2288
1691	1690
1691	2078
1691	1689
1693	595
1693	261
1694	588
1694	2217
1694	1672
1694	1895
1694	1069
1694	3342
1694	3343
1694	1356
1694	1306
1694	2264
1695	1065
1696	1946
1697	1697
1697	1698
1702	970
1703	1717
1703	1790
1703	3446
1703	372
1703	3382
1705	2285
1705	2729
1705	214
1705	2
1705	118
1705	1215
1705	2133
1705	2731
1705	929
1705	79
1705	281
1705	1859
1705	172
1705	1333
1705	2349
1706	51
1707	1708
1708	1707
1709	1453
1709	970
1709	1574
1711	939
1712	60
1712	2621
1714	1715
1714	1716
1714	1717
1714	3951
1714	1912
1714	2753
1714	2662
1715	1717
1715	3951
1715	1716
1715	2982
1715	2662
1716	1715
1716	2662
1717	1790
1717	1912
1717	1285
1718	808
1719	1477
1719	1461
1719	2526
1719	1894
1719	357
1719	2142
1719	1614
1719	1615
1719	918
1719	1720
1719	1721
1720	2480
1720	1719
1720	1721
1720	357
1722	1225
1722	225
1724	2541
1724	649
1724	1839
1724	1339
1724	1423
1726	1202
1727	3316
1727	214
1728	1540
1729	1730
1729	1731
1729	3190
1729	3773
1729	42
1729	1726
1730	42
1730	1731
1730	1726
1730	3190
1731	3773
1731	1726
1732	1733
1733	1837
1733	1547
1733	2127
1733	1732
1734	592
1734	3796
1734	2585
1734	2615
1734	1893
1734	1894
1734	1735
1734	407
1736	1737
1736	482
1736	68
1736	389
1736	2542
1736	647
1736	2132
1736	483
1737	647
1737	68
1738	1235
1740	3970
1741	1742
1742	1972
1743	2975
1743	2034
1743	1996
1743	1523
1743	2518
1744	2805
1744	1844
1746	1278
1748	510
1748	1749
1749	1748
1750	1797
1751	26
1751	1480
1751	1752
1752	26
1752	3822
1752	27
1752	3311
1752	1480
1752	2931
1752	285
1752	3821
1753	1754
1754	2511
1755	1373
1755	3930
1757	522
1757	1288
1757	3376
1757	1388
1757	521
1758	413
1758	3030
1758	1944
1758	2287
1760	1559
1760	2281
1760	2282
1762	1891
1763	344
1763	659
1763	720
1763	1209
1765	1438
1766	2459
1766	2897
1766	2952
1766	695
1768	2153
1768	2647
1768	1378
1768	2879
1768	2431
1768	1746
1768	3028
1768	2549
1768	1663
1769	2786
1769	1938
1770	3411
1770	3412
1770	3674
1770	2384
1770	1771
1771	1770
1772	1773
1775	1776
1776	2991
1776	2858
1776	100
1777	687
1777	1778
1777	1779
1777	3272
1778	687
1778	1779
1780	1255
1780	37
1781	1692
1781	914
1784	2189
1784	2190
1785	687
1785	688
1786	3849
1786	2767
1786	1167
1786	3774
1786	3775
1786	1580
1786	3262
1787	2112
1787	512
1787	1272
1787	2615
1787	2585
1787	642
1787	3503
1787	592
1787	2908
1787	739
1787	1217
1787	2909
1787	1734
1787	1735
1787	407
1788	464
1788	2156
1788	311
1789	1560
1789	3104
1789	2324
1789	3105
1789	1891
1789	1790
1789	1912
1789	2822
1789	2043
1789	1717
1789	1703
1789	2083
1789	527
1790	1891
1790	2800
1790	1560
1790	527
1790	2324
1790	1717
1790	1789
1790	1912
1790	2083
1790	3104
1791	1792
1791	1842
1793	2144
1793	726
1793	2066
1794	3959
1794	1795
1794	3409
1794	946
1794	762
1794	3779
1794	3778
1796	2353
1796	1817
1797	1798
1797	1750
1799	1891
1799	84
1799	2617
1799	1800
1801	1802
1802	3492
1802	841
1802	2284
1803	1947
1803	1191
1804	1805
1807	3696
1807	713
1807	2844
1807	2520
1807	1932
1807	2046
1808	2292
1808	2000
1808	1809
1808	2819
1808	3508
1808	419
1809	1286
1809	2292
1809	1808
1810	396
1810	2322
1810	1289
1810	468
1810	3064
1811	1812
1813	385
1813	870
1814	164
1815	3144
1815	3145
1815	3146
1815	3562
1815	525
1815	1672
1816	2241
1818	1819
1818	1820
1818	2097
1818	1848
1819	1820
1820	1818
1820	1819
1820	1848
1821	4
1821	5
1823	2418
1823	419
1823	1209
1823	529
1823	2967
1823	648
1823	122
1823	113
1825	3184
1825	3256
1825	1415
1825	3639
1826	757
1827	1828
1829	1830
1829	1831
1829	3317
1829	3322
1829	2263
1829	3390
1829	3694
1830	3604
1830	1831
1830	622
1830	3040
1830	1653
1830	265
1830	2849
1830	2769
1830	3603
1830	2263
1830	407
1831	101
1831	3694
1831	3099
1831	1829
1832	779
1832	1832
1832	1649
1832	1957
1832	788
1832	223
1832	1740
1832	1265
1832	2327
1832	157
1832	1005
1832	1193
1832	2326
1832	380
1832	2523
1832	1395
1832	625
1832	1232
1834	867
1835	567
1835	2154
1836	2867
1836	1308
1836	3737
1836	2801
1836	2327
1836	2175
1836	3990
1836	2656
1836	525
1836	2883
1836	1855
1836	2802
1836	814
1836	1272
1837	2329
1837	1476
1837	1838
1837	1460
1837	1547
1839	3294
1839	2541
1840	1792
1840	3456
1840	1791
1840	1841
1840	1842
1841	3019
1841	3760
1841	3761
1841	1842
1842	1792
1843	1111
1844	1447
1845	2299
1846	508
1846	905
1846	1847
1847	3336
1847	905
1847	2300
1847	3208
1847	2488
1847	508
1847	2608
1847	2825
1847	3799
1847	3686
1848	1818
1848	1819
1848	1820
1848	2097
1849	1850
1850	1849
1854	465
1854	2664
1854	1224
1855	1836
1855	3005
1856	1857
1857	42
1857	3989
1857	3985
1859	1860
1859	1861
1859	241
1859	251
1860	22
1860	929
1860	1861
1863	2129
1863	3507
1863	557
1865	592
1866	1636
1867	1581
1867	2966
1867	2883
1867	1477
1867	1836
1867	1511
1867	1512
1867	1582
1867	357
1867	1882
1868	208
1869	1870
1869	2658
1869	2659
1870	1869
1870	2658
1870	2659
1871	481
1871	440
1871	1020
1871	299
1871	1333
1871	272
1872	903
1872	3069
1872	1873
1872	3053
1872	2846
1872	3118
1872	1642
1873	1937
1873	1642
1874	1664
1874	1875
1875	1664
1876	283
1876	2158
1876	590
1878	2188
1878	629
1879	425
1879	1672
1880	1881
1882	2480
1882	1477
1882	357
1883	90
1883	1955
1883	1036
1883	360
1883	1127
1883	2614
1883	1861
1883	318
1885	86
1886	1965
1886	1887
1886	1888
1886	1889
1886	1964
1887	1559
1887	1889
1887	1251
1887	1888
1887	1965
1887	1886
1887	3444
1887	1530
1887	1964
1888	1539
1888	1251
1888	1887
1888	3444
1888	1889
1890	1110
1890	527
1890	3104
1890	1789
1890	1891
1890	1892
1891	2043
1891	1703
1891	1789
1891	1717
1891	1892
1891	1790
1891	2324
1891	1912
1891	2083
1892	1560
1892	1890
1892	1210
1892	1789
1892	1790
1892	2083
1893	2123
1893	3691
1893	1894
1893	1679
1893	3504
1894	3301
1894	1679
1894	3691
1894	1893
1894	1720
1894	3504
1894	357
1895	1069
1896	2418
1896	3574
1896	190
1896	770
1896	350
1896	573
1896	22
1896	2750
1896	1291
1896	2564
1898	1936
1898	2403
1898	1899
1898	1995
1900	2246
1900	2247
1900	1901
1901	2246
1901	2247
1902	3179
1902	1903
1904	1430
1907	2850
1907	504
1907	1353
1907	573
1907	76
1907	185
1908	749
1908	122
1909	3127
1909	1910
1909	1911
1910	1911
1911	3127
1911	1909
1912	1717
1912	1789
1912	1790
1912	2043
1912	2324
1913	1914
1914	3076
1914	1913
1915	22
1916	242
1918	147
1919	183
1919	113
1919	3009
1919	171
1921	385
1921	2312
1921	2166
1921	894
1921	1305
1921	870
1921	241
1921	3218
1921	662
1922	1674
1922	30
1922	1623
1922	2508
1922	1589
1923	1717
1923	2629
1923	3241
1924	2058
1924	2227
1925	1015
1925	763
1925	1387
1925	3103
1925	3501
1925	3905
1925	1159
1925	1272
1925	723
1926	2346
1926	1927
1928	89
1928	3161
1928	1560
1928	527
1928	411
1928	2347
1928	477
1929	3291
1929	1182
1929	327
1929	328
1929	351
1929	2553
1930	618
1930	2395
1930	157
1931	253
1932	2994
1932	2520
1932	2046
1932	2104
1933	1591
1933	41
1933	241
1933	3445
1934	1464
1934	820
1934	879
1934	2377
1934	1097
1935	2336
1936	1898
1937	2150
1937	1047
1937	1600
1939	1009
1939	1615
1940	2684
1940	112
1942	1943
1942	2652
1942	609
1944	2411
1944	2559
1945	1466
1945	196
1947	2350
1947	1533
1948	424
1948	2835
1948	893
1948	1022
1948	3447
1948	2140
1951	1324
1951	1285
1952	1953
1952	2160
1953	181
1953	2160
1953	2159
1953	1952
1957	2972
1958	197
1959	2571
1959	2574
1959	2240
1959	1598
1959	2064
1960	613
1962	429
1962	1963
1964	1559
1964	1886
1964	1887
1964	1530
1964	1965
1966	3947
1966	2061
1966	3830
1966	1957
1966	824
1966	1563
1966	673
1966	3879
1966	3106
1966	1551
1966	2313
1966	984
1966	2001
1966	2002
1966	172
1966	3793
1966	50
1967	2269
1967	757
1967	2370
1970	3164
1971	1972
1971	1973
1972	1742
1972	1973
1974	892
1974	1788
1974	2156
1974	1333
1974	43
1975	1532
1975	1921
1975	1353
1975	223
1975	3965
1975	3505
1975	76
1975	828
1975	2495
1975	2685
1975	360
1975	403
1975	1491
1975	1036
1976	2613
1977	464
1977	1788
1977	310
1978	1141
1978	1979
1980	1981
1982	1212
1983	848
1983	1984
1984	1983
1985	394
1985	2135
1985	456
1985	1859
1985	2409
1985	2133
1985	928
1985	2621
1985	2313
1985	377
1985	768
1985	3374
1985	1646
1985	3032
1985	984
1985	457
1985	2962
1985	2963
1985	835
1987	2213
1987	913
1987	914
1987	1474
1988	281
1988	3138
1988	1764
1988	1414
1988	31
1988	2650
1989	380
1990	1134
1990	3260
1990	1991
1990	380
1992	1046
1992	2733
1992	1313
1992	2242
1992	1351
1992	1993
1996	1523
1997	1885
1997	2759
1997	943
1997	3876
1997	743
1997	739
1997	849
1997	78
1998	2592
1998	2593
1998	4
1998	1225
1998	2017
1998	14
1998	41
1998	3988
1998	404
1998	1933
1998	2271
1999	358
1999	1647
2000	85
2000	3803
2001	2002
2002	1563
2002	2001
2004	1286
2004	132
2004	2415
2004	2416
2004	2417
2007	1110
2007	2008
2009	719
2009	590
2009	2030
2009	2407
2010	3109
2010	1521
2010	157
2010	2386
2010	159
2010	2932
2012	2013
2013	2012
2016	3375
2016	823
2017	5
2017	2091
2017	251
2018	3163
2018	95
2018	2019
2018	152
2020	595
2020	1693
2020	261
2021	2454
2021	1147
2021	1431
2021	3980
2021	2022
2023	113
2023	2024
2023	311
2024	311
2027	2687
2027	1580
2028	1493
2028	951
2028	3701
2028	641
2028	375
2029	1106
2030	1373
2030	648
2030	2180
2030	3813
2030	3710
2031	289
2032	1356
2033	1315
2033	2974
2033	3050
2033	2823
2034	1154
2037	2626
2037	613
2037	2487
2038	2760
2038	1242
2039	1419
2040	2041
2040	2042
2041	2581
2041	2492
2041	2040
2041	2042
2041	2580
2042	2581
2042	2580
2044	2106
2044	2957
2044	989
2044	996
2047	471
2047	189
2047	397
2047	3634
2047	1720
2047	1629
2048	166
2048	1712
2048	2330
2048	770
2048	356
2049	2050
2052	2047
2055	2052
2055	2865
2055	2702
2056	659
2056	2984
2057	2115
2057	2106
2057	1333
2057	2528
2057	2009
2057	464
2057	2293
2057	1057
2057	2407
2057	2467
2057	2468
2057	1441
2059	190
2060	3628
2060	337
2061	189
2061	3949
2061	3830
2062	31
2064	1598
2064	1599
2067	2068
2068	2250
2069	508
2069	905
2070	697
2070	698
2071	2073
2071	2072
2072	2073
2072	2071
2073	2122
2074	2075
2076	199
2076	114
2076	992
2076	1288
2076	2968
2076	403
2076	987
2076	3407
2076	2077
2076	3408
2076	490
2078	1690
2078	2100
2078	1586
2078	2079
2081	1785
2081	126
2081	1297
2085	3487
2085	3842
2087	1904
2087	767
2088	60
2088	237
2088	1915
2088	11
2088	2262
2088	553
2088	3607
2090	481
2091	2162
2091	1712
2091	225
2091	251
2092	613
2092	1960
2092	2093
2093	613
2093	1960
2094	2095
2094	2096
2095	2094
2095	2096
2096	2095
2096	1002
2097	1819
2097	1820
2098	740
2098	1399
2098	2534
2098	330
2098	3547
2101	440
2102	1677
2102	2110
2102	1021
2103	387
2103	2
2103	2104
2103	2106
2103	43
2103	2290
2103	330
2103	122
2103	3399
2103	2586
2103	2057
2103	1441
2103	1442
2103	2446
2103	172
2103	1932
2103	2046
2104	387
2104	1932
2104	2046
2105	3139
2105	2588
2106	2044
2106	744
2106	3913
2107	959
2109	2048
2109	166
2109	2191
2109	2841
2109	1059
2109	576
2110	1021
2112	407
2113	3326
2113	3542
2113	2114
2113	3448
2113	3378
2113	3379
2113	579
2116	2357
2117	2118
2118	2380
2119	2205
2120	729
2124	647
2127	1551
2127	1966
2128	595
2128	2184
2131	1143
2131	424
2132	482
2132	483
2132	773
2132	457
2132	4
2132	5
2132	403
2132	307
2132	55
2132	2533
2135	1751
2135	1859
2136	680
2136	885
2137	2285
2137	3640
2137	1907
2137	2474
2137	658
2137	1705
2137	10
2137	1712
2137	2091
2137	1179
2137	318
2137	1291
2137	196
2137	1945
2138	372
2140	2141
2142	2744
2142	1720
2142	1721
2144	2145
2144	2146
2144	726
2145	2146
2147	2185
2147	2529
2147	3495
2147	3496
2147	1156
2147	2148
2147	2949
2147	2950
2147	3165
2149	1114
2149	2548
2152	2153
2152	2647
2152	2435
2153	1003
2153	2647
2154	1669
2154	1835
2156	183
2157	981
2158	389
2158	390
2158	529
2158	283
2158	648
2158	204
2158	54
2159	2160
2159	1952
2161	2162
2163	2397
2164	2165
2166	385
2166	241
2167	2156
2169	236
2169	2230
2169	2231
2169	2170
2169	3035
2169	3583
2169	1474
2171	2011
2171	3296
2171	33
2171	1558
2172	878
2172	3675
2173	1098
2174	572
2174	55
2174	1036
2174	1861
2174	2751
2174	241
2174	1333
2174	2161
2174	873
2174	56
2174	190
2174	1215
2174	2754
2174	3302
2175	1836
2175	3776
2175	2327
2175	1786
2176	2177
2177	2176
2179	324
2179	2030
2179	2180
2179	2156
2179	529
2179	638
2179	648
2179	2407
2179	2167
2179	202
2180	1373
2180	648
2180	3813
2180	3710
2181	3423
2181	1293
2181	223
2181	2755
2181	2182
2181	874
2182	874
2182	2
2182	1293
2182	1727
2183	965
2183	1175
2183	2101
2184	595
2184	2128
2184	3233
2186	3003
2186	3173
2186	3283
2187	3006
2187	1344
2187	418
2187	981
2188	1878
2189	1802
2189	1784
2189	2190
2190	1784
2190	2817
2190	2189
2191	2109
2191	576
2191	2841
2192	1521
2193	2194
2193	1620
2194	1620
2195	3590
2195	559
2195	340
2196	2197
2197	2196
2200	2201
2200	1263
2202	188
2202	390
2202	529
2202	1195
2202	520
2202	2370
2202	981
2205	3024
2205	2119
2205	3745
2205	3746
2206	1566
2206	1567
2207	2461
2208	2209
2210	2848
2210	2847
2210	2211
2211	2847
2211	2210
2211	2848
2213	1474
2215	1312
2215	2161
2216	739
2218	403
2218	347
2219	754
2219	2625
2219	2681
2219	2313
2219	147
2219	3304
2219	3140
2219	1918
2220	1186
2221	1470
2222	2223
2224	1307
2224	1065
2224	3363
2224	3364
2224	3366
2225	1620
2226	453
2226	660
2226	2972
2226	1957
2226	3538
2229	963
2230	2169
2230	2231
2231	3324
2231	3870
2233	1248
2233	31
2233	3418
2233	2234
2234	2566
2234	2567
2234	1858
2235	2236
2235	675
2235	1454
2236	1501
2236	675
2236	1454
2237	2238
2237	2239
2237	2896
2237	3744
2238	2237
2238	2239
2240	2064
2240	1598
2241	2693
2241	1816
2242	1992
2244	3863
2244	2874
2244	536
2246	2247
2246	1901
2246	1900
2248	700
2252	2253
2253	1623
2255	2256
2257	1324
2257	1951
2258	2259
2259	2258
2260	3012
2260	311
2261	1521
2261	2192
2261	3606
2261	2010
2261	299
2261	1538
2263	2769
2263	1653
2263	1829
2265	1654
2265	177
2265	2993
2265	3563
2265	3005
2265	2456
2265	2457
2265	608
2265	3262
2265	1539
2265	2270
2265	3858
2265	3836
2265	2481
2265	3568
2266	2267
2267	82
2267	369
2267	3066
2267	2561
2267	2562
2267	2266
2268	3899
2268	2834
2268	3158
2270	2326
2270	3360
2270	609
2271	475
2274	2036
2276	1547
2278	2279
2278	609
2279	609
2281	2282
2283	1356
2284	841
2285	2017
2285	2350
2285	1333
2285	578
2285	3356
2285	422
2285	3913
2285	1442
2285	2845
2285	1491
2285	1558
2285	2940
2286	209
2286	1429
2286	2668
2287	3548
2287	963
2287	3455
2287	2857
2287	1944
2287	3546
2288	1690
2288	1691
2288	2078
2289	1425
2290	2104
2290	1127
2290	658
2290	330
2290	2106
2290	2057
2290	2636
2290	1441
2290	1442
2290	43
2290	2046
2291	2292
2293	993
2293	1057
2294	1692
2294	1363
2294	2295
2294	2296
2295	2296
2296	2294
2296	2295
2297	3166
2297	2298
2301	3386
2301	1603
2302	2464
2302	1700
2302	2826
2302	1770
2302	3207
2302	2303
2302	2304
2302	2305
2302	1604
2302	2153
2302	3387
2302	3729
2303	2304
2303	2305
2304	2305
2305	2275
2305	2302
2307	1867
2307	3990
2307	1582
2307	3493
2307	253
2307	1931
2307	1836
2308	3250
2308	2309
2308	2310
2309	2310
2311	55
2312	3530
2312	2584
2312	1223
2312	870
2312	928
2313	2910
2313	2621
2313	984
2316	1005
2316	713
2316	2886
2316	2750
2316	2751
2316	1085
2316	779
2316	477
2316	163
2316	3126
2316	928
2316	1560
2316	223
2316	397
2316	380
2316	60
2316	2317
2316	2318
2316	2319
2316	2320
2316	252
2317	2318
2317	2319
2317	2320
2317	380
2318	1560
2318	2886
2318	380
2318	2319
2318	2320
2318	3126
2319	1560
2319	2316
2319	380
2319	2797
2319	477
2319	2318
2319	2320
2319	163
2321	2852
2321	590
2322	720
2322	387
2325	2326
2325	2327
2326	3771
2326	2892
2326	2811
2326	2325
2326	2327
2326	908
2326	1222
2327	2892
2327	3345
2327	2325
2327	2326
2327	908
2327	1222
2331	2332
2333	1561
2334	542
2335	885
2335	292
2335	285
2335	2813
2335	2814
2335	111
2335	25
2337	1033
2340	2572
2340	2573
2340	2603
2340	2947
2340	2341
2340	2948
2340	2734
2340	535
2341	2572
2341	2573
2342	1315
2342	1154
2346	1221
2346	3193
2346	3194
2347	3161
2347	157
2347	411
2347	223
2347	477
2347	870
2347	3613
2347	928
2347	929
2347	1928
2347	529
2347	3357
2347	803
2347	380
2347	2865
2347	1395
2347	403
2347	1685
2348	86
2349	118
2349	241
2349	1859
2350	1055
2351	2352
2353	1796
2354	2355
2354	2356
2355	2356
2356	2354
2356	2355
2357	2446
2357	2260
2358	3937
2358	766
2360	2565
2360	379
2360	2906
2360	2725
2360	1724
2362	1395
2362	411
2363	2723
2366	648
2366	1207
2366	152
2366	557
2368	2376
2368	2369
2369	2555
2369	2368
2369	2376
2371	2374
2371	2381
2371	1514
2371	2372
2371	2373
2372	2374
2372	1868
2372	208
2372	2373
2373	2374
2373	3549
2375	421
2375	1257
2375	147
2375	899
2377	1464
2378	1437
2379	89
2379	1928
2379	1560
2379	527
2379	1649
2379	440
2379	3424
2379	181
2379	834
2379	491
2380	2617
2381	2373
2382	2383
2383	3335
2383	2382
2384	1770
2384	3411
2384	3412
2385	338
2385	2366
2385	1311
2385	152
2385	2483
2387	2350
2387	1055
2388	3199
2389	3709
2389	2390
2390	2389
2391	3893
2392	278
2392	2905
2393	713
2393	2411
2393	406
2394	385
2394	848
2394	1311
2394	1921
2394	338
2400	2401
2400	2601
2404	3167
2404	2405
2404	2672
2405	2404
2406	1531
2406	3571
2407	1882
2407	1477
2407	3137
2407	2480
2407	2115
2407	357
2408	893
2409	984
2409	163
2409	928
2410	2411
2411	2410
2413	133
2413	1013
2414	449
2414	2439
2414	2
2414	3
2414	3787
2414	31
2414	2901
2414	929
2414	1322
2414	768
2414	2957
2414	717
2414	2392
2414	803
2415	132
2415	2416
2415	2417
2416	2417
2417	2004
2417	132
2417	2415
2417	2630
2418	1209
2419	2420
2420	2419
2421	440
2421	183
2421	2091
2421	1290
2422	159
2423	1492
2423	1287
2424	2425
2428	2575
2428	2784
2428	2429
2429	2575
2429	2784
2430	2427
2430	3094
2431	2761
2431	1280
2431	2879
2431	1768
2432	2433
2432	1421
2432	2531
2432	2532
2433	3865
2434	2647
2434	2435
2434	2152
2437	355
2439	3161
2439	2440
2439	3678
2439	2901
2439	3580
2442	2443
2444	2445
2446	3445
2446	3652
2446	2957
2446	3756
2449	403
2449	2450
2451	1361
2453	2265
2453	3568
2454	1145
2454	2455
2456	1654
2456	2457
2456	1580
2458	22
2458	2711
2458	3154
2458	503
2458	1442
2458	1108
2458	404
2458	189
2459	3728
2459	1766
2459	2952
2460	2951
2460	2460
2460	2461
2460	2462
2460	2207
2460	2736
2460	2737
2461	2207
2461	2462
2463	3210
2463	3211
2464	1700
2465	2466
2466	2465
2467	2468
2469	2770
2469	482
2469	483
2469	2542
2471	2472
2471	2473
2472	2473
2473	2471
2474	165
2477	1400
2478	199
2478	990
2478	2745
2478	3428
2480	3137
2480	357
2480	1477
2480	1882
2481	2456
2481	2636
2481	3858
2481	2265
2481	221
2483	464
2483	152
2485	2260
2485	113
2486	2840
2486	984
2486	2409
2486	1918
2486	153
2487	1448
2487	613
2487	615
2487	3171
2488	2489
2488	3001
2490	3650
2491	1748
2491	1749
2492	2040
2492	2042
2493	2809
2493	2790
2493	2832
2494	1590
2495	394
2495	940
2495	346
2495	1788
2495	2156
2495	1078
2495	183
2495	185
2495	2745
2495	1974
2495	2773
2495	2478
2495	3965
2495	1491
2495	806
2495	198
2496	199
2496	292
2496	2798
2497	2498
2497	1231
2499	1489
2499	292
2499	2500
2500	292
2500	2499
2500	73
2505	3915
2505	989
2505	2084
2506	2507
2506	836
2510	95
2511	1753
2512	2778
2515	2515
2515	2516
2515	2517
2516	2517
2518	2034
2519	3098
2519	2898
2519	2644
2521	1295
2521	1067
2523	2412
2523	110
2523	928
2524	1211
2524	2043
2525	371
2525	849
2525	383
2525	1969
2526	2480
2526	357
2526	1477
2526	1882
2528	2910
2528	544
2528	590
2528	2407
2528	2009
2531	2432
2531	1421
2531	2433
2531	2532
2534	3789
2535	2540
2535	2536
2536	2540
2536	2535
2537	2538
2538	969
2538	3518
2538	3262
2539	684
2539	682
2540	2535
2543	2544
2544	3477
2544	2543
2544	3220
2544	3476
2544	2842
2545	1141
2547	3222
2547	313
2548	3747
2548	1114
2548	3277
2548	1116
2549	2153
2549	2647
2549	3028
2549	907
2550	292
2550	2135
2550	2104
2550	1751
2551	582
2551	2552
2551	932
2553	3392
2553	1182
2553	3297
2553	2789
2553	3711
2553	328
2554	358
2554	1647
2556	675
2556	2557
2556	3038
2556	2727
2556	629
2556	3293
2556	414
2556	415
2556	3502
2556	3271
2557	415
2557	1033
2558	2316
2558	545
2561	2562
2561	369
2562	369
2564	2418
2564	478
2565	379
2566	2567
2566	1858
2567	1858
2568	2812
2568	1552
2568	3449
2571	2915
2572	2573
2575	2428
2575	2429
2575	2784
2576	1243
2578	3153
2578	2579
2579	3940
2580	2581
2581	2208
2582	2900
2582	2583
2582	2676
2583	2582
2586	3399
2586	2587
2586	990
2587	382
2588	3139
2588	2105
2589	639
2591	652
2592	4
2592	1225
2592	2018
2593	2171
2593	57
2593	3988
2593	152
2593	310
2594	3654
2597	2598
2597	398
2598	2957
2598	398
2599	609
2600	2779
2601	2400
2601	2401
2601	2602
2602	2400
2602	2401
2603	2572
2605	2606
2605	2607
2605	2669
2606	2607
2606	3051
2607	2669
2608	2300
2609	508
2609	1847
2609	3056
2610	2899
2610	511
2611	2612
2611	2954
2613	2891
2613	2895
2613	3667
2613	2894
2613	1634
2614	2864
2614	91
2614	2018
2614	3043
2614	929
2617	355
2619	424
2619	893
2620	1969
2621	60
2621	190
2622	401
2622	168
2622	3111
2622	485
2624	1504
2624	590
2626	2037
2626	613
2626	2487
2628	2629
2629	3566
2630	2004
2630	132
2630	2415
2631	1016
2631	2649
2633	2634
2633	2157
2634	981
2634	2157
2635	1836
2636	1442
2636	1225
2636	1727
2638	435
2639	749
2639	2180
2639	1071
2639	648
2639	2640
2639	529
2642	695
2643	2875
2643	2876
2644	2645
2644	2646
2644	3098
2644	2898
2645	2646
2647	2716
2647	2434
2647	2152
2648	2488
2648	508
2648	3001
2648	1847
2648	2608
2649	2631
2649	3950
2650	31
2650	1764
2652	2653
2652	1063
2652	2268
2652	3898
2652	3899
2652	3969
2653	3898
2653	3899
2653	2268
2654	2593
2654	635
2654	310
2654	3163
2654	2018
2654	2655
2654	152
2654	25
2655	152
2655	635
2656	1855
2656	3005
2657	1836
2657	2801
2657	2802
2657	3737
2658	2659
2660	3638
2662	1715
2662	1716
2663	2664
2664	1224
2664	289
2664	542
2664	3513
2665	712
2665	3219
2665	801
2665	1193
2665	3906
2665	1622
2665	1924
2665	3252
2666	803
2667	3613
2667	440
2667	2772
2667	444
2667	272
2668	209
2668	2613
2669	2607
2669	2605
2669	2670
2670	2606
2670	2607
2670	2669
2670	2605
2671	3939
2672	3203
2673	2720
2673	2674
2675	1492
2675	1287
2675	307
2675	3846
2675	601
2675	1674
2675	3131
2675	2423
2675	341
2676	2582
2676	2583
2677	1681
2677	440
2677	183
2677	2967
2677	3625
2678	3072
2678	2679
2678	2680
2678	789
2678	3567
2679	2678
2679	789
2679	2680
2679	48
2680	2678
2680	789
2680	3072
2680	2679
2680	48
2681	2625
2683	247
2683	248
2684	1940
2685	2845
2685	3663
2686	2687
2686	1207
2686	3031
2686	1126
2686	1065
2686	2027
2686	171
2692	2787
2692	2788
2693	2241
2693	1816
2694	2695
2695	2694
2696	727
2696	2697
2696	3170
2696	3276
2696	3168
2696	3169
2696	1200
2696	695
2697	1200
2699	796
2700	2337
2700	693
2701	1164
2701	1165
2701	3480
2701	1061
2702	952
2702	1033
2703	2910
2703	590
2703	1788
2703	2156
2703	2768
2703	383
2703	554
2704	2973
2704	2705
2704	251
2705	237
2705	2621
2705	59
2707	1355
2707	2708
2708	1355
2709	394
2709	440
2709	3269
2709	2893
2709	3032
2709	2421
2709	183
2709	299
2710	1477
2710	357
2711	1092
2711	237
2711	2
2711	0
2711	658
2711	2731
2711	330
2711	164
2711	2285
2711	189
2711	3424
2711	2940
2711	1408
2714	1644
2714	1000
2714	1278
2714	2715
2715	2714
2716	2647
2716	2434
2716	2152
2717	2919
2717	3281
2717	2806
2717	3123
2717	2807
2717	3214
2717	3282
2717	3124
2717	2718
2718	2806
2718	2807
2720	2673
2721	2960
2721	544
2721	3964
2721	3577
2721	152
2722	1305
2722	3636
2722	2363
2726	2565
2726	379
2728	2319
2728	163
2728	380
2729	118
2729	1859
2729	1324
2729	2257
2729	2349
2730	3249
2731	773
2731	237
2731	2636
2731	3240
2731	2940
2731	3429
2734	2572
2735	3725
2736	2737
2738	1747
2738	2739
2739	1747
2740	2741
2740	2742
2740	2743
2741	3473
2741	2740
2741	2742
2741	2743
2742	2740
2742	2741
2742	2743
2744	1721
2747	3451
2748	2747
2748	2749
2749	2565
2749	379
2750	1291
2750	143
2750	2621
2750	2104
2750	3844
2750	60
2750	2751
2750	22
2751	60
2751	96
2751	241
2751	225
2752	1059
2753	1717
2754	199
2754	2167
2754	1578
2754	3482
2754	2685
2755	3423
2755	2437
2755	2513
2757	3010
2757	2758
2758	3010
2759	78
2761	1746
2762	2763
2763	2762
2766	1496
2766	1493
2767	1580
2767	1786
2769	3624
2769	559
2769	1653
2769	2263
2769	1829
2769	2821
2770	3606
2770	3323
2771	3422
2772	2113
2772	3258
2773	1974
2773	2910
2773	590
2773	1788
2773	2156
2773	2768
2773	2703
2773	554
2773	3325
2776	734
2777	167
2779	2780
2779	2600
2780	2600
2782	3017
2782	1527
2782	544
2782	3964
2782	2721
2782	152
2783	3415
2785	2786
2785	3152
2785	1379
2785	2301
2785	1769
2785	1281
2786	3575
2786	2152
2787	2788
2787	2692
2789	3392
2789	3297
2790	2809
2790	3987
2790	2333
2790	2493
2790	2986
2790	2987
2790	2832
2791	2365
2791	1232
2792	1337
2794	73
2794	2335
2794	2813
2794	2814
2794	292
2797	1560
2797	2318
2798	1681
2798	2171
2798	1631
2798	1558
2799	2505
2799	3915
2799	992
2799	3396
2799	419
2800	1717
2800	1912
2801	1836
2801	2600
2801	2802
2802	1836
2802	1272
2803	2804
2804	2803
2804	3000
2806	2807
2807	3214
2807	2717
2807	2806
2807	3213
2808	2880
2808	2827
2810	160
2812	3420
2812	3449
2812	3550
2812	1552
2812	553
2812	2568
2813	292
2813	2814
2815	2816
2816	2815
2816	2861
2816	2862
2817	1097
2817	2190
2818	4
2818	5
2819	2292
2819	1808
2819	1809
2820	1
2820	1416
2822	89
2822	1560
2822	527
2822	3104
2822	3105
2822	1891
2822	1789
2823	2974
2824	3204
2824	3205
2824	1243
2824	3206
2824	433
2826	2976
2826	2977
2826	3467
2827	2880
2827	2808
2828	711
2828	108
2829	1235
2829	1640
2830	2417
2831	29
2835	522
2835	471
2835	2059
2835	424
2835	2047
2836	609
2837	1633
2839	1972
2840	3303
2840	1549
2840	2593
2840	92
2840	111
2840	3014
2841	576
2844	1441
2847	2848
2849	1191
2849	3075
2850	504
2856	963
2856	3506
2856	2287
2856	2856
2857	963
2857	2287
2857	3546
2857	2856
2859	481
2859	1493
2859	2686
2859	1065
2859	1496
2859	2090
2859	198
2860	2285
2860	475
2860	2731
2860	3833
2860	3435
2860	2636
2860	2958
2860	3313
2860	1558
2861	2862
2865	3613
2865	659
2865	870
2865	2845
2865	2702
2866	1248
2866	652
2867	1836
2867	2883
2868	3523
2868	3524
2868	2997
2868	3022
2869	3275
2869	2870
2869	2871
2869	3089
2870	2869
2870	3275
2870	2871
2870	3089
2875	2643
2875	2876
2876	2875
2876	2643
2877	3027
2877	2878
2881	789
2882	1635
2883	1836
2885	3489
2887	1164
2887	1165
2887	130
2887	2701
2887	2413
2889	1753
2889	2511
2889	2890
2890	2511
2890	2889
2892	2325
2893	464
2893	183
2893	2322
2893	444
2894	2895
2894	1634
2896	2238
2898	3098
2900	2583
2900	2676
2901	3535
2901	1880
2901	928
2902	2479
2903	2904
2906	3113
2906	2725
2906	470
2906	3044
2907	1521
2908	2909
2910	590
2910	2768
2911	2653
2911	241
2912	1685
2913	2914
2916	1486
2916	2917
2918	1643
2919	3526
2919	3388
2919	2921
2919	3123
2919	2920
2919	2717
2920	3526
2920	2921
2920	3866
2920	2922
2923	2924
2923	436
2923	3073
2923	3074
2923	1856
2923	1752
2923	2790
2923	2981
2923	2931
2926	2929
2926	2930
2926	3909
2926	2927
2926	2928
2927	2929
2927	2930
2927	3909
2927	2928
2928	2929
2928	2930
2928	3909
2928	2926
2928	2927
2929	2930
2930	2929
2930	2927
2932	2386
2934	118
2934	2135
2934	2935
2934	2166
2934	197
2935	772
2935	1722
2936	257
2936	89
2937	3162
2940	1442
2940	3913
2941	237
2941	2942
2943	2944
2945	324
2945	2313
2945	2179
2945	3724
2947	2573
2947	535
2947	2948
2948	3889
2948	2573
2948	535
2948	2340
2949	2950
2952	1766
2952	2459
2954	2611
2955	1131
2956	1257
2956	1025
2958	1502
2962	2963
2962	3850
2962	2085
2962	1646
2963	2962
2963	1985
2964	1622
2964	1141
2964	3788
2966	1836
2968	992
2969	2970
2969	2971
2969	92
2969	425
2969	181
2969	137
2970	2971
2970	92
2976	2977
2976	3467
2977	3467
2978	3413
2978	3414
2978	3995
2979	3826
2979	279
2979	527
2985	626
2985	2136
2985	2252
2985	3353
2985	568
2985	416
2985	840
2986	2790
2986	2987
2986	2333
2988	2989
2989	2988
2990	3580
2993	1654
2993	2456
2993	608
2993	1679
2998	2999
2999	3671
3000	2803
3001	3672
3001	3820
3001	3527
3001	2186
3002	3284
3002	3152
3002	1603
3002	3651
3003	3070
3003	3283
3003	2186
3003	3600
3004	3606
3004	417
3004	3802
3004	3323
3005	1836
3005	1756
3006	522
3006	3758
3006	1209
3006	82
3007	667
3008	3404
3008	2104
3008	2750
3008	3844
3008	2098
3008	330
3008	3574
3008	189
3008	14
3008	1871
3008	2059
3008	3547
3009	171
3012	3013
3016	3699
3016	877
3017	357
3019	3253
3019	3956
3019	1842
3020	3670
3020	3149
3020	3021
3020	3817
3020	1840
3020	3329
3020	3330
3020	3331
3020	3332
3020	3333
3020	3334
3020	1792
3020	3974
3020	3975
3020	3554
3020	3555
3020	3556
3020	3048
3020	3200
3021	1792
3021	1840
3022	3023
3025	3026
3027	2877
3028	2153
3028	3281
3028	3307
3028	3282
3029	2285
3029	3435
3029	2636
3029	3313
3029	2860
3029	3833
3029	658
3029	2731
3029	1558
3029	3481
3030	413
3030	1758
3031	3273
3031	171
3032	394
3032	768
3032	183
3032	2393
3035	2231
3036	2453
3038	3791
3038	3270
3038	3271
3038	1398
3038	2727
3038	3293
3038	414
3038	3790
3038	675
3038	3107
3038	3954
3043	2018
3043	984
3043	25
3043	3083
3044	2725
3045	3047
3045	3860
3045	3046
3046	3047
3046	3859
3046	3045
3046	3860
3047	3860
3047	3045
3047	3641
3048	3923
3048	3642
3048	3643
3048	3020
3048	1152
3048	3924
3048	3552
3048	3553
3048	3554
3048	3555
3048	3556
3048	3049
3048	3886
3049	3886
3049	3554
3049	3555
3049	3556
3049	3924
3049	3048
3049	3020
3049	3149
3049	3817
3049	1152
3051	3052
3051	3684
3052	2430
3053	3202
3053	3864
3053	3926
3054	3055
3055	3054
3057	96
3057	3543
3057	1106
3058	3263
3058	3264
3058	720
3058	2322
3058	389
3058	556
3058	659
3058	3057
3058	3174
3059	874
3060	3061
3061	3653
3061	3611
3061	3063
3061	3060
3062	526
3063	3060
3064	3509
3064	875
3068	1333
3068	100
3070	2186
3073	3074
3078	2973
3078	990
3078	1290
3078	251
3078	3918
3079	3080
3081	3082
3084	457
3085	159
3085	3086
3085	3087
3085	1245
3085	560
3086	3085
3086	3087
3086	1245
3087	1245
3089	3275
3090	3091
3090	3092
3091	3090
3091	3092
3093	1114
3093	1116
3094	2430
3095	3096
3095	3097
3096	3097
3096	3095
3101	2973
3101	2751
3101	96
3101	251
3102	1956
3102	3907
3103	1015
3104	1789
3104	1790
3104	1560
3104	3105
3105	1560
3106	2236
3106	1764
3106	3270
3106	1071
3106	172
3106	675
3106	3107
3107	2236
3107	1501
3107	675
3107	3271
3111	168
3111	485
3113	470
3114	3115
3114	1236
3115	3114
3116	2035
3117	3383
3117	3765
3118	3306
3121	907
3121	3122
3122	907
3124	2806
3124	2807
3127	3128
3129	3130
3129	1492
3129	2423
3129	2675
3129	601
3130	1492
3130	2423
3130	2675
3130	601
3131	107
3132	396
3132	1289
3133	225
3133	2751
3133	3878
3133	3134
3133	3135
3134	3135
3138	31
3138	1988
3140	754
3143	502
3144	3562
3144	3145
3144	1672
3144	3146
3145	3146
3149	3048
3149	3020
3149	3555
3149	3556
3153	2578
3154	22
3154	1860
3154	1290
3155	1441
3156	687
3156	744
3160	4
3160	5
3160	2818
3160	172
3161	1928
3161	3580
3161	411
3166	2297
3168	727
3168	3169
3168	3170
3168	695
3169	3170
3172	1448
3172	613
3174	659
3174	720
3174	1655
3176	3178
3176	3177
3177	3178
3178	3853
3178	3085
3178	3267
3178	3837
3178	3838
3178	3176
3178	3177
3182	2313
3184	2113
3184	3327
3184	1415
3184	579
3188	3792
3188	3871
3188	1923
3188	500
3188	203
3190	1729
3191	3299
3191	2680
3191	3300
3192	2727
3193	1221
3193	3194
3194	1221
3197	2388
3197	3199
3197	459
3200	3333
3200	3334
3200	3201
3200	3332
3201	3972
3201	3973
3202	3053
3204	3205
3204	3206
3205	3206
3208	3209
3210	2463
3210	3211
3210	3212
3211	2463
3211	3212
3213	3214
3213	2717
3218	385
3218	60
3218	95
3218	894
3218	1751
3218	870
3218	662
3220	2543
3223	745
3224	3224
3226	3474
3226	3017
3226	357
3228	485
3229	744
3229	3156
3229	1290
3231	2151
3231	3410
3231	3766
3232	1488
3234	67
3234	3637
3234	1437
3236	1776
3237	789
3237	3072
3239	1722
3239	773
3239	3240
3239	403
3239	4
3239	5
3239	772
3239	2935
3240	772
3240	2935
3240	1722
3244	3873
3244	3867
3246	711
3246	108
3247	3381
3247	3157
3247	3375
3247	3248
3251	1756
3252	1622
3252	1924
3253	3019
3255	3914
3255	449
3255	380
3256	3531
3256	3184
3256	3962
3256	3257
3256	1415
3258	2113
3260	1134
3261	1291
3262	3944
3262	1167
3262	3484
3262	3485
3262	3401
3262	3518
3263	3857
3263	720
3263	2156
3263	244
3263	3264
3263	3174
3263	556
3263	659
3263	268
3263	2865
3264	659
3264	2865
3264	720
3264	3174
3265	1353
3267	3085
3269	464
3269	3573
3269	2893
3269	183
3269	3447
3269	3736
3269	490
3270	675
3270	172
3270	3271
3270	3107
3271	3293
3271	3791
3271	675
3271	2727
3273	3031
3274	1239
3274	1237
3276	727
3276	3170
3276	695
3277	3539
3277	3747
3277	3278
3277	3279
3277	1116
3278	3279
3279	1525
3279	1050
3280	2343
3281	2919
3281	3282
3282	2919
3283	3979
3284	3651
3284	3152
3284	3002
3285	3286
3285	3287
3286	3285
3286	3287
3287	3749
3287	3285
3287	3286
3287	3748
3289	3289
3291	328
3293	3791
3293	675
3293	2727
3295	1639
3295	1498
3297	3392
3298	3616
3298	822
3299	3300
3300	3191
3301	2123
3301	3691
3301	1893
3301	1679
3303	3632
3303	1509
3303	2184
3305	321
3307	3281
3307	3282
3308	3419
3308	3420
3308	825
3308	1305
3308	3772
3308	877
3308	3309
3309	1305
3309	3419
3309	3420
3309	3308
3309	877
3310	1628
3310	2054
3311	27
3313	41
3313	387
3313	2636
3314	490
3315	3316
3315	1727
3318	2181
3318	3423
3318	3
3318	2755
3319	1891
3319	345
3319	1863
3319	195
3323	3004
3323	3802
3323	3606
3323	417
3323	877
3325	3480
3325	590
3326	3327
3327	3326
3328	126
3328	1297
3329	3330
3329	3331
3329	3332
3329	3334
3329	3200
3329	3333
3330	3331
3330	3332
3330	3334
3330	3200
3330	3333
3331	3332
3331	3334
3331	3200
3331	3333
3332	3333
3332	3334
3333	3334
3336	904
3336	905
3336	1847
3337	3809
3337	3832
3338	3339
3338	77
3338	2321
3339	77
3339	2321
3340	979
3340	3341
3342	3343
3343	537
3348	2870
3348	3089
3349	1210
3349	3350
3349	521
3353	840
3354	126
3354	1297
3355	3753
3356	3668
3357	223
3357	403
3357	3141
3358	1764
3359	168
3359	3111
3359	2622
3359	485
3360	609
3363	3364
3363	3365
3363	3366
3364	3363
3364	3365
3364	3366
3365	3242
3365	2224
3365	3363
3365	3364
3365	3366
3367	209
3368	3369
3368	3370
3369	3370
3369	2406
3370	3368
3371	3372
3371	3373
3372	3371
3372	3373
3372	3475
3374	2135
3374	116
3375	2016
3375	3247
3375	1547
3377	2600
3379	1414
3379	3542
3379	3380
3379	2113
3380	1414
3381	3919
3381	3920
3381	3247
3381	3895
3383	3117
3383	3384
3383	3765
3384	3117
3384	3383
3384	3765
3385	998
3386	1603
3389	3472
3393	870
3393	2313
3396	2799
3396	419
3397	1588
3398	2476
3401	1836
3401	2635
3401	3402
3401	3403
3402	3403
3404	3633
3405	3406
3406	3700
3406	3405
3407	3408
3410	3993
3410	3994
3411	2384
3411	3412
3412	1770
3412	3411
3413	2978
3413	3414
3413	3995
3414	3413
3414	3995
3416	55
3416	2911
3416	2592
3416	3577
3419	3420
3421	492
3424	491
3424	89
3424	1666
3425	3933
3425	1022
3425	3587
3425	3897
3426	1346
3427	166
3427	405
3428	3929
3430	3431
3431	3430
3432	3433
3432	3434
3433	3434
3434	3432
3435	2260
3438	152
3440	2164
3440	1363
3440	3441
3440	3442
3441	2164
3441	3442
3442	2164
3443	3536
3445	382
3445	2957
3446	1717
3446	1409
3447	424
3447	3573
3447	893
3448	3542
3448	3379
3448	2113
3449	2812
3449	1552
3449	2568
3453	464
3453	2709
3453	3269
3453	2893
3453	183
3453	3736
3455	3548
3455	963
3455	2287
3455	1867
3455	1836
3455	2857
3455	3546
3455	2307
3456	1842
3457	3922
3457	3458
3457	3459
3457	3460
3457	1236
3458	3459
3458	3460
3459	3957
3459	3457
3459	1444
3459	3460
3463	3888
3463	3839
3463	2351
3463	3621
3463	3464
3463	3622
3463	3840
3464	2351
3465	3466
3466	3465
3468	3469
3472	3389
3472	3471
3473	2740
3474	2480
3474	1477
3474	2407
3474	357
3476	3477
3476	2544
3479	1165
3479	3480
3479	2701
3481	658
3481	2798
3481	75
3481	1558
3481	2860
3482	870
3483	1606
3483	3804
3484	3485
3485	3484
3488	189
3488	1232
3490	3536
3491	3083
3492	2284
3493	1836
3493	3990
3494	1445
3495	3496
3495	2147
3496	2147
3496	3495
3497	1276
3497	3498
3499	3687
3499	3688
3499	3977
3499	3978
3499	3960
3499	3961
3500	3558
3501	1015
3501	3103
3502	3271
3502	2727
3502	3038
3502	3293
3502	414
3502	675
3509	553
3509	3510
3509	875
3510	553
3510	875
3512	2664
3512	542
3512	3513
3515	3934
3518	3785
3518	3262
3519	2868
3519	3520
3519	3521
3519	3522
3519	3523
3519	3524
3520	3519
3520	3521
3520	2868
3520	3523
3520	3524
3520	3522
3521	2868
3521	3522
3521	3523
3521	3524
3522	2868
3522	3523
3522	3524
3523	2868
3523	3524
3526	2920
3526	3866
3528	976
3529	1005
3531	3962
3538	660
3540	3470
3542	619
3542	2113
3542	3448
3542	285
3542	3379
3542	3984
3543	96
3544	1617
3544	3545
3546	963
3546	2287
3547	1267
3547	829
3548	2857
3548	963
3548	3546
3550	3308
3552	3553
3552	3554
3552	3555
3552	3556
3552	3049
3552	3020
3553	3554
3553	3555
3553	3556
3553	3049
3553	3020
3554	3555
3554	3556
3555	3048
3555	3556
3559	3560
3562	3145
3563	3005
3568	2456
3568	1654
3568	2270
3570	3662
3570	753
3570	3661
3573	183
3573	720
3574	1291
3574	2104
3574	2750
3574	3844
3576	1621
3576	1356
3577	2960
3578	229
3579	279
3581	2171
3582	358
3591	3592
3594	1248
3596	3597
3596	2604
3597	3596
3598	3598
3601	3718
3603	3604
3603	424
3603	2131
3605	2090
3608	1193
3612	292
3612	2135
3612	2550
3612	825
3612	1751
3613	2772
3613	870
3616	822
3618	1259
3618	1335
3619	838
3619	3592
3620	3062
3620	526
3620	1786
3621	3888
3621	3840
3622	3839
3622	3840
3622	3621
3622	3888
3622	3463
3625	263
3625	440
3626	358
3626	3582
3629	3630
3631	3303
3631	3632
3631	1509
3633	3634
3633	1300
3633	189
3633	1232
3638	3593
3642	3643
3642	3049
3643	3924
3643	3049
3644	3645
3644	3646
3644	3647
3645	3646
3645	3647
3646	3644
3646	3645
3646	3647
3647	3645
3649	858
3649	859
3649	3797
3651	3152
3656	3903
3656	1323
3657	3658
3661	3662
3666	1191
3670	3974
3670	3975
3672	2186
3674	3411
3675	2706
3675	878
3677	298
3680	3489
3680	3350
3687	3688
3687	3499
3687	3977
3687	3978
3687	3960
3687	3961
3688	3499
3688	3961
3689	877
3690	3707
3692	3693
3695	3696
3695	1807
3695	3699
3695	1550
3695	321
3696	3695
3696	321
3696	1550
3699	3696
3699	321
3703	3704
3704	3927
3704	3703
3705	1212
3705	3706
3706	3882
3706	3735
3706	3705
3706	3931
3710	1373
3712	1729
3712	3190
3713	2600
3715	3716
3718	2722
3718	581
3718	1305
3718	3601
3719	298
3719	3908
3721	3722
3722	3896
3722	3721
3724	2313
3725	3887
3725	2735
3726	3727
3727	3726
3728	1766
3728	2952
3730	3731
3731	3730
3735	2546
3736	464
3736	183
3736	1289
3736	2893
3738	3739
3738	3824
3741	3298
3741	3616
3742	1827
3742	552
3743	3743
3745	3746
3747	1116
3748	3749
3750	3227
3750	1478
3750	3894
3750	1285
3752	3753
3752	3355
3752	3081
3754	745
3754	3755
3757	3323
3758	3132
3758	82
3759	2018
3759	95
3760	3761
3762	3763
3762	3764
3763	3762
3763	3764
3766	3150
3767	3768
3767	3769
3768	3769
3768	3767
3770	3695
3770	3696
3770	321
3770	3699
3774	3775
3776	3620
3776	1786
3776	1756
3778	1794
3778	762
3778	3409
3778	3779
3779	3409
3780	3781
3781	3780
3782	2031
3782	289
3785	1015
3786	3901
3788	1141
3790	675
3790	3271
3791	2727
3794	478
3794	2564
3796	1735
3797	858
3797	859
3798	3976
3800	3801
3801	3800
3802	417
3809	3337
3809	3832
3811	3812
3814	967
3815	3816
3817	3048
3817	3556
3817	3555
3817	3149
3818	3819
3819	3818
3821	3822
3823	3679
3824	3739
3826	527
3827	3034
3828	3942
3828	3943
3828	178
3830	2001
3831	1783
3832	3809
3832	3337
3833	3313
3833	3834
3833	2636
3834	2636
3835	1437
3836	2456
3836	1654
3836	608
3837	3178
3837	3838
3838	3837
3839	3840
3839	3621
3843	3443
3844	2104
3846	1675
3848	2512
3849	1167
3854	1293
3858	2456
3858	3568
3859	3047
3859	3860
3859	3045
3861	3862
3863	2874
3871	3792
3872	462
3872	940
3872	806
3875	1717
3875	1521
3875	1923
3876	943
3880	3881
3882	3705
3883	3884
3883	3885
3884	3885
3885	3884
3885	3883
3886	1152
3887	2735
3890	3891
3892	2180
3898	3899
3898	2268
3910	3821
3912	82
3917	970
3919	3920
3922	1239
3922	1236
3923	3924
3923	3643
3923	3049
3925	1567
3930	1373
3931	3735
3936	292
3936	2496
3938	3293
3938	675
3938	2727
3939	2671
3942	3943
3944	3401
3952	551
3954	3293
3954	675
3954	3791
3954	3271
3957	3457
3958	3648
3959	3778
3960	3499
3960	3688
3960	3961
3960	3978
3961	3499
3965	1491
3966	1036
3967	527
3972	3973
3974	3975
3977	3688
3977	3960
3977	3961
3977	3978
3978	3688
3978	3961
3983	292
3984	619
3985	3989
3986	2171
3991	3992
3993	3994